4096
0	2484.53125	0
1	-1197.935434	668.5743001
2	-216.0249267	34.57510887
3	-28.79625906	-247.9962277
4	179.1494886	-254.3617394
5	74.29915651	158.123251
6	13.19681009	59.79649163
7	-60.34566537	8.977609048
8	-34.12757398	0.5471223508
9	25.19777698	-0.02581706365
10	33.7791992	-57.06852531
11	-48.15609168	34.22369764
12	29.90556362	41.67142844
13	-48.87302169	-38.54676143
14	16.58650177	-8.545100933
15	29.22635232	-41.39026399
16	14.49887056	26.06271745
17	22.12925663	33.41640682
18	-51.16995644	48.07783079
19	-18.01140966	-25.39758948
20	-10.7210454	-56.98897332
21	10.71893317	-20.09188864
22	25.56936812	19.88683916
23	57.08021174	21.49016107
24	-38.39571718	27.83693107
25	-33.15249666	1.260810415
26	-25.94621587	-21.47554358
27	29.69096171	-24.42906086
28	15.58031843	7.128009472
29	1.285468934	12.20006758
31	-26.37238862	-0.7980093329
32	10.50790394	6.162254653
33	13.39585262	-10.78743041
35	-1.833582308	12.28740377
36	-28.39769544	6.060578443
37	-11.66061346	-14.99667998
38	24.14070861	-30.04580953
39	19.31728564	-1.123121204
40	29.17298549	26.58640313
41	-32.98763515	16.92405772
42	-18.97121684	34.74728535
43	-17.00884693	-35.68144784
44	-4.071965804	-34.98868132
45	26.01623513	-37.16871161
46	34.86553678	44.83281332
47	3.261416021	55.13660847
48	-27.55179624	-29.43812392
49	-40.95568928	-8.185856617
50	37.59939894	-3.961085934
51	-15.55560975	-15.26979504
52	8.432835132	7.420058035
53	40.83318891	34.93107852
54	-58.38958301	-49.6354646
55	-12.65214017	28.04257523
56	63.0379913	-48.17648258
57	0.3148818327	34.82200252
58	24.87825055	61.17609446
59	-39.35946763	40.28946889
60	-180.4477851	-90.32285043
61	-13.41104588	-135.3264992
62	392.918308	-63.19717867
63	273.1939336	242.9364226
64	-941.7697437	478.938402
65	279.0786267	-786.6087149
66	264.6962836	65.96324322
67	68.66219076	166.6424974
68	-140.3395599	159.2139876
69	-91.01402039	-72.09430162
70	64.25073309	-130.6035219
71	14.13145745	77.47419002
72	21.22312785	-13.27169368
73	-54.82490382	13.69492858
74	40.10628564	-6.806693181
75	-12.15904804	11.78355624
76	-10.17193831	-43.78185358
77	19.57384305	32.20995412
78	24.76325283	-0.8454227615
79	-45.04659025	20.04347051
81	1.929878746	-34.54743134
82	-7.779804358	-8.893875191
83	25.78408251	0.4297995841
84	17.89116591	34.51098776
85	-16.75336397	-5.795254741
86	-21.16034543	2.753458177
88	2.761631576	-26.96157113
89	19.70509436	3.761266427
90	5.814146104	16.37014054
91	-8.955614649	7.790332108
92	-19.24556061	-11.23677351
93	16.76115242	-3.266666752
99	6.133251704	-12.6881631
101	22.79364275	8.733472528
103	-23.58810147	5.366058203
104	13.63692251	-3.597497636
106	3.315551836	-17.77610531
107	10.77089956	15.93853486
108	10.45832989	7.814339954
109	-16.91243043	9.239428466
110	-31.02876765	-13.75522474
111	41.40525766	-20.31605821
112	9.853114545	21.85770654
113	-33.37541645	3.544468889
114	11.31221584	9.026368971
115	-5.704658596	-45.26693978
116	25.05532259	60.13846206
117	-33.60462499	-48.87829058
118	5.954443344	16.05711822
119	41.09133131	-11.39212449
120	-23.29380077	46.64835417
121	-41.41527578	-27.56674399
122	49.68684921	-1.413661147
123	-46.20115383	-36.88806403
124	30.78750116	-2.728572021
125	62.76330668	147.6612932
126	-86.72237315	-234.2818628
127	-1.418728279	224.7121678
128	9.624527411	-139.4918268
129	53.03220935	14.66333317
130	-39.05946066	61.6297763
131	-25.0249729	-42.4578799
132	-9.62937679	-54.5223657
133	131.3486791	82.87476535
134	-112.6136937	29.8220206
135	-38.04203917	-83.49902754
136	72.87741918	17.09221353
137	-20.64382763	0.5802554981
138	25.65225655	49.21293235
139	-47.7256685	-73.69031096
140	38.27039104	39.08067549
142	-18.10530721	5.802771217
143	-3.379870823	-16.928305
144	21.57327986	3.140442512
145	-16.89629444	-9.579575929
146	3.898458051	9.211536228
147	5.770775257	11.73061272
148	5.026545872	-20.52271305
149	-4.868096091	14.87934649
150	-10.6190827	-5.369974136
151	8.764006179	8.848036497
152	-7.940681351	-8.41544283
154	13.45218567	4.247438707
155	-12.04492479	-9.185849136
156	11.89093315	25.39503208
157	-17.60123667	-4.370341346
158	9.65468881	-14.60508978
160	-9.963474789	9.945344195
165	2.817254417	12.28301672
166	-3.030985436	-12.94057617
167	-5.146137523	14.64665079
168	8.664824346	-15.85603237
171	4.960302744	9.610794526
172	16.49437925	7.632597016
173	-13.51007299	-14.50164078
175	-17.41300203	16.19574274
176	8.176168178	-36.3327333
177	25.83965283	6.464603556
179	-0.789026432	24.67192588
180	-55.24496022	-39.46282415
181	67.65711971	34.00176476
182	-0.04869914975	-27.05020587
183	-33.53139503	27.38360292
184	-22.84210062	-26.53503341
185	50.32030948	9.025449015
186	-28.76985099	2.239480229
187	25.72106911	-9.148102043
189	17.86052365	-10.35548753
190	-160.9490989	160.5636922
191	167.9529852	-158.5275207
192	-35.30485356	-184.6227153
193	-42.22278969	311.0882008
194	109.708805	-19.53025064
195	-101.0018771	-127.639968
196	-35.1296042	23.30539124
197	58.02236049	32.46229736
198	27.4105543	-55.69814038
199	-27.49094499	78.5112457
200	13.99270975	-22.29999348
201	-41.56851473	-37.5035169
202	12.11456667	8.924439755
203	49.54637837	44.92081615
204	-46.39535313	-42.2200541
205	3.802129515	23.48348817
206	5.387668624	-31.27813485
207	2.87780724	19.80175205
208	-6.475390815	10.94719402
209	22.06844078	-15.76077012
210	-19.79695926	-0.8084737822
211	-1.045835692	13.97510075
216	-13.91970964	2.748145146
217	4.32300974	10.33526268
219	-7.582453041	-17.12710761
222	-8.438931077	6.644591186
224	-0.5394306893	-18.0877251
226	-4.642849862	21.88684677
227	5.251351984	-19.20452976
228	-1.019416289	11.95983699
232	13.36810561	1.284812089
238	18.53769242	10.79495556
239	-9.940259984	-14.50426645
240	-23.63227877	6.096220667
241	27.72587796	10.00866411
242	-23.63654032	-15.15005638
243	26.92414914	-6.925625103
244	2.408740522	23.74304803
245	-25.08090973	-27.44674268
246	-0.2165969298	43.20419025
247	20.99866427	-27.80862691
248	-1.480009394	-21.22372018
249	-50.19291782	49.07302836
250	79.62975833	-67.48886181
251	-43.7385239	35.53472653
252	-10.14353572	60.41943901
253	82.14333828	-57.72352847
254	-143.5814499	-81.05405658
255	58.27937469	191.0306253
256	82.24122867	-157.3984542
257	-78.73778446	11.50667101
258	-7.424230834	72.1248684
259	57.69234527	-39.17624235
260	-39.08935306	33.82585819
261	-23.32241416	-38.80042308
262	28.07771665	-6.835141974
263	9.844064157	3.48644881
264	-13.64461394	30.49690501
265	18.31401468	-16.21612654
266	-20.99720719	1.838606569
267	0.8176996439	-17.95385212
268	9.451164407	38.50227642
269	-13.37939289	-27.29809202
272	11.16411363	3.333118081
273	-18.0052458	17.97592131
274	-1.314349359	-15.62593276
275	12.18920008	3.58220104
276	-13.57727701	-7.65226954
281	-2.962884661	9.954347548
285	13.84038356	-5.196736065
287	-1.954004629	10.59972157
290	10.39267687	1.158462349
291	-10.35977369	10.48728741
292	-13.14607565	-5.718905885
293	11.97923465	-7.898560301
295	3.416371667	11.942229
297	-3.907193121	-9.629834289
301	-5.762829143	-8.335411884
303	22.69866975	-1.36386438
304	-23.61889039	1.646042983
305	5.649081984	20.72878142
306	-7.223766888	-28.87755599
308	23.71419869	-1.228380942
309	-6.939492855	20.48895739
310	-32.83995577	-4.299960251
311	10.98720478	-27.43646603
312	34.14419479	-24.95755986
313	9.791144235	75.51245334
314	-16.49774267	6.482282665
315	-86.81415934	-56.26613838
316	76.00036314	18.62655693
317	21.32970896	-54.61182611
318	-18.92452589	54.20206489
319	19.56751366	41.59469189
320	-26.68075638	-46.44157781
321	-40.07571648	18.47616772
322	34.57514458	-33.06324592
323	26.94193657	-18.00943736
324	-16.08951392	47.24364006
325	32.76267756	19.16577103
326	-86.81847211	-40.53485742
327	54.13657412	12.08883137
328	4.040890746	-26.87264446
329	1.815366312	38.19859474
331	-43.35011581	4.956993865
332	29.06100033	-34.23661545
333	19.9486597	9.203750809
334	2.812706804	19.61952573
335	-30.08496078	21.86451873
336	-5.464134608	-35.93005347
337	12.21666589	-7.955479655
338	12.60470791	14.9479605
343	8.480522606	-5.643056288
344	-12.06704898	-0.3454915818
347	-5.067004793	8.640044264
349	-16.42560146	-9.811311719
350	5.842155248	-15.22257413
351	13.86796184	11.93685636
353	-9.776528856	2.744088517
354	-17.96440255	-9.685049142
355	17.62695895	-12.66388446
356	10.87368957	11.1309393
359	-5.053539168	-9.361821515
364	8.976593384	-6.543770626
365	-17.84266475	9.641404896
366	14.5472141	1.95806073
367	-14.59116585	-9.633824292
368	5.528449246	-10.14087385
369	19.49023673	10.25878017
370	-10.8531135	8.283351042
372	-38.26283082	23.82349758
373	33.92270087	-85.57811745
374	-2.216417978	39.14298642
375	45.00406149	39.18096081
376	-45.83023222	6.44171273
377	-73.2338558	-36.84834994
378	102.2232567	-38.03842484
379	16.82612716	29.30613873
380	-57.69113091	65.34138315
381	-4.275925855	-25.00649491
382	-12.79906957	-82.97854865
383	67.06334296	37.83691253
384	-35.02263703	53.84780011
385	2.455880777	-30.76479098
387	-44.59461073	13.12569404
388	50.90955802	-19.58224732
389	-5.826749675	-13.48585686
390	-4.233509651	23.05297404
391	33.58448726	32.776094
392	-67.83693515	-38.61450975
393	18.33925101	8.754413856
394	9.666976529	-4.300828174
395	30.51664044	-36.40769112
396	-27.4162382	65.05955059
397	5.499085501	-10.233147
398	-19.84197539	-27.02016754
400	37.79277289	0.9621060097
401	-33.26538917	15.50980201
403	8.669915656	-17.40137221
405	5.895779263	10.29671161
409	-1.064630694	11.80402086
414	0.3931055615	13.90683594
415	-8.101683893	-7.902545901
418	14.04899984	-8.979215231
419	-10.91154924	11.75133839
421	5.934633278	-13.26232908
431	1.589747988	-17.75219617
432	5.548572801	15.59210753
433	-13.80798677	1.859960766
434	5.886820297	-9.4194059
436	15.60529229	-3.023281896
437	-5.421886302	11.43150141
438	13.44097283	13.9496591
439	-35.80728212	-20.17717919
440	2.95704115	11.7465088
441	37.50244524	-30.35013125
442	-12.31897393	26.64970396
443	-37.86855598	22.92235373
444	39.0940744	-57.93998519
445	16.80194317	14.43396416
446	-43.80919061	69.25443862
447	27.33234136	-53.15722863
448	-64.63828885	-46.96592022
449	99.91013525	66.58397445
450	-15.5914331	-7.004745372
451	-86.12465443	-30.63659158
452	66.30322585	44.83470195
453	17.40423286	-56.24665457
454	-36.33242999	38.82497932
455	-3.286973803	15.46482798
456	12.07904007	-39.52837352
458	16.55036926	12.57411376
460	-10.66763447	8.377542389
461	-14.75582329	-16.33051564
462	21.79428436	-0.7241848786
464	10.23242092	16.23821219
465	-13.22396745	-9.69903669
468	-9.796537439	-7.261863159
474	-10.76266885	-13.45172569
475	9.457771223	9.094369604
476	10.97628714	-5.750238765
478	-4.974991781	13.17757542
479	-4.85796664	-15.66664676
482	4.405353257	16.7318464
483	-10.3330468	-4.207635341
490	9.532646496	3.321644595
491	-10.05538724	-1.283084123
494	8.884191842	6.55146657
496	-6.094206091	13.40971559
497	-11.51360172	-32.05759333
498	7.949940471	7.620411152
499	16.74083398	-11.71412559
500	15.51329051	24.60226125
501	-25.67428624	17.8709142
502	-38.58300373	-9.097998767
503	38.54499163	-42.48464863
504	-1.013203346	-20.2380804
505	47.79124092	94.68646903
506	-63.66376345	-37.35998918
507	-10.59317542	-18.20499732
508	35.72377687	1.95957374
509	-11.7797695	-7.296497061
510	17.21784855	11.93517994
511	-2.834364544	20.58718339
512	-12.15930229	-18.23686134
513	-47.04841896	13.64585737
514	53.6911145	-62.35929447
515	52.91591564	31.80041411
516	-61.89525027	73.20793276
517	-25.48308329	-47.09096782
518	3.95130859	-27.62750976
519	31.24457221	-18.6649244
520	21.26242764	43.81315454
521	-15.52238648	-5.876231477
522	-15.00147797	34.36591487
523	-26.96529839	-45.13675284
524	17.87769697	-10.77536187
525	42.55351186	7.690996598
526	-24.57266213	16.06689362
527	-10.33870859	21.46501723
528	-8.892698434	-34.41502149
529	12.36883467	-0.5536337429
530	8.362759752	7.171687101
538	10.05221198	2.463121618
539	-12.70563233	17.45045093
541	-7.85066733	-20.74120122
542	13.63293569	1.54105611
543	14.27093703	8.109773832
544	-10.96931822	7.870180956
546	-14.35057069	-19.35606078
547	13.65594089	-7.200327533
548	10.88035689	12.17663222
550	-11.9988156	4.739689907
557	-9.651800893	6.689133408
559	-10.49444061	-21.71612123
560	19.44445786	6.90691851
561	17.75873193	-0.1416484966
562	-25.68913313	15.71588309
563	-4.798214167	19.20700178
564	-10.99623699	-38.62236871
565	13.46246015	-27.18634386
566	34.47081292	37.20630047
567	-10.62983883	20.87166706
568	-39.42227078	11.58894491
569	-14.78593056	-41.28262402
570	51.93912667	-49.19277628
571	-6.406310138	70.89235625
572	25.50162051	20.38403289
573	-55.89694881	-27.26269261
574	-23.60684624	-14.13684629
575	73.3267621	3.02288985
576	-39.8461669	-30.43115911
577	34.33446855	61.39791381
578	-7.51683244	-7.531604308
579	-49.35751122	-15.54458619
580	15.21057985	-11.87309733
581	24.72107832	-28.31285346
582	32.56603361	71.0886491
583	-39.47848804	-34.2647016
584	-40.30729584	9.807177916
585	42.27114717	-17.94057384
586	9.687200278	-4.000730863
588	-19.55109584	42.39191827
589	-13.42852086	-28.56007727
590	1.14936562	-13.0285416
591	26.09106657	-3.28446596
592	-0.3306532649	11.222523
593	-15.73177795	19.80370496
594	3.384924356	-20.24858054
602	-4.751481802	-9.191970445
607	-13.09926709	-15.71176172
609	10.43446539	4.741362998
611	-13.37285985	8.256129302
614	11.97707523	2.449751619
622	10.93911059	-6.775221407
624	-2.03284298	10.2856305
625	-10.99968833	-6.01282273
626	16.05979702	-22.60412863
627	4.682755644	25.29722557
628	-17.08535003	-13.63563731
629	6.260451748	41.23971974
630	-9.05815659	-58.52803324
631	8.375672169	18.40933407
632	7.337483418	-23.70284647
633	15.37720598	62.38698701
634	-20.46787396	-2.923311906
635	-18.92810315	-54.07406817
636	-27.59841488	16.44151576
637	98.98287375	-10.92921233
638	-43.99792163	31.74839496
639	-35.57938253	-5.686212837
640	50.27414781	1.566108948
641	-41.09111776	-30.0263723
642	11.23065925	41.69863053
643	-5.544177284	-28.51432675
644	48.21740493	-8.152519621
645	-55.90992293	17.87206178
646	16.88071805	17.53772984
647	-8.416957676	-27.26824712
648	43.19220673	-11.26718498
649	-45.60242318	47.01427942
650	-4.989542919	-35.73517483
651	20.13949896	6.411740553
652	1.998620438	-14.37071901
653	13.05747554	23.91855428
654	-26.45984936	-11.91932406
655	6.325264405	23.37658472
656	1.221976589	-29.12164317
658	6.820830338	12.59203688
668	-5.33633033	-9.38135008
671	18.27499996	1.18317397
672	-15.12147706	1.062750057
674	4.313412974	-9.810193259
676	10.75597095	12.17803384
677	-9.764917556	-13.02538234
678	-7.577318171	11.8204077
679	9.505025655	-8.998645171
688	-11.37924795	-3.912860648
689	21.35829036	-11.46775023
690	-22.50037919	28.73654772
691	10.74823641	-15.3984093
692	1.886960278	-16.90475289
693	-9.799150107	14.49413363
694	24.55731898	14.54886794
695	-30.65085835	-13.74905826
696	10.78064063	6.595141314
697	2.470302299	-21.47500371
699	33.26182433	49.30409548
700	-13.83755909	-48.40178338
701	-56.9848599	20.16880623
702	76.9095275	-5.760279741
703	-37.44667272	-14.10958398
704	14.80312496	22.44576241
705	-11.05710631	3.492441211
706	3.999417911	-36.63313485
707	3.904509637	56.61915625
708	-14.02337279	-53.92081796
709	12.39691824	32.98597282
710	-4.660492266	-21.30611095
711	23.23116138	8.3773801
712	-45.14788126	22.24739737
713	30.3774583	-29.34742331
715	-2.534163764	15.94368912
717	-7.156880647	-8.660599759
718	13.04105066	-3.865435429
719	-4.774331114	10.57590462
742	-5.128329207	9.02745714
752	2.101457757	10.33558046
754	-5.697326983	-14.09712185
755	12.27337744	2.354831585
757	-13.3133654	22.39483419
759	10.58138063	-32.03255125
760	3.496337406	47.0311773
761	-20.33715659	-22.31097979
762	14.20883274	-14.57352021
763	-15.43423814	17.36122935
764	54.55036255	-12.79786916
765	-66.47382301	27.2500751
766	26.07229031	-24.93885616
767	15.84674313	11.17408854
768	-39.50841962	-8.37919583
769	35.83046002	25.0188585
770	-18.08356935	-61.47061467
771	-1.368369678	55.81529209
772	41.65835479	-6.085213664
773	-49.05724547	-10.8025169
774	-0.2341602482	14.56855909
775	19.3477486	-23.58986368
776	-15.59077217	-1.188056233
777	35.68989398	21.35332716
778	-28.32260837	-15.06563379
779	-3.521117152	19.48456692
780	4.519360433	-17.12007344
781	9.485493129	-7.326318203
782	-7.412059858	24.59531495
783	-5.579317042	-20.59805714
784	10.06731684	5.14595318
795	9.958063151	2.192930274
796	-13.07286906	-2.265245477
800	3.097044572	12.61806787
801	-5.950312475	-10.78219874
814	-14.98180346	0.5958803624
816	18.74124739	-8.512253535
817	-16.70442801	3.723003794
818	21.12000151	11.91092084
819	-29.98551664	-3.941785595
820	17.02819562	-6.641355435
822	24.8159021	-15.89131842
823	-21.52452325	44.43174761
824	-10.70518177	-29.81923352
825	25.58049239	-6.775191139
826	-11.96861831	-5.203971136
827	4.269205011	42.63616745
828	-7.524957194	-38.24165153
829	17.77515915	10.29022615
830	-40.24742877	-2.365789958
831	45.20699944	19.60173221
832	-27.55323116	-46.17946541
833	17.09611654	28.01645616
834	3.72608475	36.27327738
835	-23.02700461	-51.76252198
836	-8.891802858	16.13928146
837	34.0935478	-13.68886221
838	6.974362349	21.77652281
839	-36.41790275	3.469072906
840	15.77913604	-11.52446202
841	-15.72035886	-6.503888254
842	35.22393558	-2.326043498
843	-19.66897039	18.18832957
845	-13.91525057	3.574077004
846	10.70607972	-18.14198449
847	7.553430139	8.869771643
865	11.11810102	3.255137353
879	-4.763229304	9.687521803
881	-5.820128261	-16.22049918
882	11.3264277	-1.107680093
883	13.27076632	7.738374106
884	-8.269052515	10.07991742
885	-19.84070623	1.083773557
886	7.915503425	-8.196138265
887	1.215863126	-25.40965972
888	6.665807523	20.74940633
889	33.59878912	11.85365946
890	-56.36856394	7.82161521
891	5.595095401	-14.23822127
892	6.04696239	-26.96747474
893	29.19984398	25.86473852
895	-35.8489767	-2.666572775
896	27.27576332	20.29764435
897	-15.64698934	-35.85323834
899	34.44666966	33.98372539
900	-17.5693112	-5.112563428
901	-36.46710299	14.24395813
902	19.78566601	-39.80367592
903	17.78423701	-6.3813252
904	7.455055593	36.40575662
905	-12.37299967	8.038761037
906	-22.34525775	-18.34153769
908	20.97881695	-8.386458526
909	-4.718876752	13.0090529
910	-2.200957306	13.2842064
912	-11.83192477	-7.467143973
913	13.69191329	1.424815156
926	11.80720152	-1.523473204
931	10.40167779	-4.011243591
933	-3.325249273	9.813542149
944	16.1974573	1.365112225
946	-0.3415532576	10.76673085
947	-17.21908787	-9.957670056
948	3.429054802	-12.28771858
949	16.59078463	2.976921905
951	7.693479347	10.44037354
952	-26.29836741	-2.255069506
953	-0.5774293248	-11.68853148
954	19.66579088	-3.727774526
955	17.46643244	-3.114380907
956	-29.72801662	38.27724495
957	-12.18955026	-17.50459419
958	18.99682402	-41.52061502
959	4.010390351	37.70510041
960	12.45206131	-5.664979335
961	-13.58553983	12.16311855
962	-22.73600996	-8.922957808
963	19.73203339	0.6213640109
964	-2.534281266	-16.26160551
966	33.74290498	31.98784408
967	-49.26814684	-4.611215523
968	13.04111763	-3.190407062
969	-2.021919533	-21.55810114
970	13.43610623	6.592914624
971	-1.324581585	15.12433296
974	-13.85892936	-4.870043052
975	16.26323485	-0.05001288066
1007	11.26325926	1.246810673
1008	-10.97018713	-0.06992227496
1010	-7.718992554	-9.144150283
1015	-6.593071461	10.42264454
1016	14.56632379	-16.5113737
1018	-11.08677123	17.2191467
1019	15.23674674	-14.92969163
1020	-20.45595666	-6.817833768
1021	28.39566127	21.55605809
1023	-49.55886374	-15.28105113
1024	33.671875	8.171875
1025	28.54706942	-12.50377834
1026	-29.72448874	24.69591567
1027	-14.62284516	-6.957161926
1028	21.01984409	-22.1565729
1029	3.104957389	20.63133276
1030	-7.350579501	8.004656107
1031	-2.225542806	-18.11596492
1033	13.64850831	18.16178232
1035	-11.88378419	6.092605159
1071	2.038992167	10.31955438
1072	-7.806530097	-8.020361521
1074	10.93801495	0.0519095664
1076	-9.031262046	17.53522674
1077	4.054246935	-9.584198724
1080	8.130889613	12.25838816
1081	-11.14663046	3.018022818
1083	9.704718627	-6.262093747
1085	-13.25513641	24.80928122
1086	8.373821279	-14.31972399
1088	-17.58083618	12.75697008
1089	-13.34925854	-12.23550117
1090	32.69332238	-5.747474435
1092	-9.592643088	25.96152667
1093	-9.717443756	-3.739023613
1094	-10.32879415	-28.6444971
1095	24.87481915	14.88914347
1097	-13.42740229	-2.247501803
1099	10.34649555	-9.577274277
1136	10.68989214	-2.025253147
1140	8.900395601	-6.064204415
1144	9.192576615	-5.376550736
1146	15.62227265	16.20716328
1147	-16.87535345	-4.040135226
1150	-1.66456139	-13.63636398
1151	17.99896699	31.74788662
1152	-11.48087397	-26.00678778
1153	-10.46925193	11.60800134
1154	12.69236819	4.752660931
1156	-19.44862792	-3.283219643
1157	21.94149879	-0.6298400932
1159	-11.97343342	-0.6093317416
1163	-12.00500513	3.450625308
1211	8.082634962	11.17028157
1213	3.78181605	-17.95436388
1214	-14.98956034	0.3509618734
1215	18.39060663	21.46381229
1216	18.75764186	-24.26712536
1217	-45.22629713	16.22989731
1218	24.14265494	4.839548439
1219	0.1857908575	-21.3523757
1220	-1.631280363	14.57442538
1222	9.527399363	-14.21374101
1223	-4.819463602	11.75528429
1273	-2.01404527	9.953969304
1274	-0.8346632224	-13.74532531
1277	13.91691102	2.445633009
1279	-37.82751359	9.063150256
1280	33.59673137	-13.71426313
1282	-15.51731138	17.16739877
1284	9.007736551	-5.949405331
1292	9.873325392	3.643857923
1340	10.30698701	-2.844784218
1342	1.666385685	16.21555727
1343	-23.17292439	-5.22632892
1344	16.57307611	-15.19124296
1345	-5.012416894	8.825766232
1346	15.4921358	-1.143705976
1347	-15.01186373	4.439151779
1407	10.04612695	-13.94715815
1408	1.637433649	37.08357119
1409	-16.1029075	-28.72627575
1411	10.48944347	3.090395545
1468	-8.852570759	5.29054779
1470	7.652409376	-18.83673696
1471	-10.35157125	-16.86762176
1472	27.05663435	53.89287866
1473	-19.69963025	-30.69068466
1477	0.4794260369	12.25665144
1532	-7.389866351	-12.49434727
1534	13.76307403	9.215400249
1536	-22.43444771	-11.17436134
1537	18.38553544	-4.028988338
1538	13.5263653	9.391056196
1539	-12.77331659	8.079696863
1540	-11.99963344	-8.114416316
1542	14.55294046	3.95848379
1595	-1.25146115	-10.13736733
1597	3.254744403	11.91479764
1599	-19.38689398	-0.6430525491
1600	13.23252878	-14.49942764
1603	2.864499584	-14.16031127
1605	-0.1439366162	11.80714867
1657	1.298643656	12.46260122
1658	-7.114827087	-14.13994699
1661	5.860932004	-11.02637861
1662	-17.95350189	4.080322278
1663	12.98687778	13.50602672
1664	12.11051671	-14.10208302
1665	-33.03271472	-4.464602978
1666	19.42571274	16.82894745
1667	8.426772945	-16.16946903
1668	-11.26509347	2.4617239
1669	-0.1619072327	13.19304792
1670	7.321178138	-11.53346672
1673	0.5071246062	-10.24978223
1720	-6.751358893	-9.312546082
1722	22.06542359	4.542930651
1724	-8.20264106	12.77624605
1726	1.703911739	-15.82382884
1727	0.7957120205	15.89901888
1728	12.39301244	-1.950491976
1730	-7.782582078	11.51635901
1734	-5.846003991	10.93357106
1782	-6.55174724	-12.07084091
1784	10.79487923	0.3906633098
1785	-9.993716054	9.627664157
1787	4.696884672	-16.02596169
1788	2.295028829	13.29936206
1789	11.32038034	5.920479474
1790	-16.44787764	-7.569596756
1792	13.67045957	15.07897848
1793	-4.361243869	-16.50535874
1794	1.789435216	10.92755836
1798	3.93484085	-11.10167327
1801	-14.74021341	3.96488421
1805	-1.132472247	11.02235357
1841	2.451934989	10.04406343
1845	14.64547941	-4.142396607
1846	-7.105728978	11.98673394
1849	6.951578998	-9.439467941
1850	7.713964034	10.47216562
1851	-5.480185695	11.70507406
1852	-6.371663621	-17.6589323
1854	18.61492956	9.606281158
1856	-10.78148081	8.601360726
1859	-11.01436711	6.854894161
1860	15.1623704	-1.145143354
1861	-7.025729933	-7.29485544
1863	4.008145794	18.92993731
1864	-7.316709022	-20.8217358
1911	10.82065867	-6.502048815
1912	-11.12187978	8.655706847
1913	7.935080288	-6.246323502
1915	-9.439653854	-11.09301167
1916	16.67815332	8.366662786
1920	-0.04387788475	-14.88860432
1921	0.4783168034	24.97679242
1922	5.31485319	-22.72875571
1923	-7.682237089	-7.774186384
1924	8.477675668	27.63009331
1976	7.510718928	-8.362414203
1977	-8.337998641	16.13257388
1978	2.521563507	-14.43278858
1983	-0.751213375	13.94337957
1984	4.387277697	-17.56354909
1986	-0.394013258	13.67311749
1987	10.96098124	-9.357066669
1988	-19.36111205	-3.399119511
1989	10.88190023	5.433283704
1994	-0.3446726888	10.28562715
1995	0.4190418819	-17.48951256
1996	2.151782755	10.8728083
2036	-8.52842652	-5.609643301
2037	10.59430091	3.492041438
2044	-3.660396778	12.09748881
2046	0.6829838214	-13.27232334
2050	0.6829838214	13.27232334
2052	-3.660396778	-12.09748881
2059	10.59430091	-3.492041438
2060	-8.52842652	5.609643301
2100	2.151782755	-10.8728083
2101	0.4190418819	17.48951256
2102	-0.3446726888	-10.28562715
2107	10.88190023	-5.433283704
2108	-19.36111205	3.399119511
2109	10.96098124	9.357066669
2110	-0.394013258	-13.67311749
2112	4.387277697	17.56354909
2113	-0.751213375	-13.94337957
2118	2.521563507	14.43278858
2119	-8.337998641	-16.13257388
2120	7.510718928	8.362414203
2172	8.477675668	-27.63009331
2173	-7.682237089	7.774186384
2174	5.31485319	22.72875571
2175	0.4783168034	-24.97679242
2176	-0.04387788468	14.88860432
2180	16.67815332	-8.366662786
2181	-9.439653854	11.09301167
2183	7.935080288	6.246323502
2184	-11.12187978	-8.655706847
2185	10.82065867	6.502048815
2232	-7.316709023	20.8217358
2233	4.008145794	-18.92993731
2235	-7.025729933	7.29485544
2236	15.1623704	1.145143354
2237	-11.01436711	-6.854894161
2240	-10.78148081	-8.601360726
2242	18.61492956	-9.606281158
2244	-6.371663621	17.6589323
2245	-5.480185695	-11.70507406
2246	7.713964034	-10.47216562
2247	6.951578998	9.439467941
2250	-7.105728978	-11.98673394
2251	14.64547941	4.142396607
2255	2.451934989	-10.04406343
2291	-1.132472247	-11.02235357
2295	-14.74021341	-3.96488421
2298	3.93484085	11.10167327
2302	1.789435216	-10.92755836
2303	-4.361243869	16.50535874
2304	13.67045957	-15.07897848
2306	-16.44787764	7.569596756
2307	11.32038034	-5.920479474
2308	2.295028829	-13.29936206
2309	4.696884672	16.02596169
2311	-9.993716054	-9.627664157
2312	10.79487923	-0.3906633098
2314	-6.55174724	12.07084091
2362	-5.846003991	-10.93357106
2366	-7.782582078	-11.51635901
2368	12.39301244	1.950491976
2369	0.7957120205	-15.89901888
2370	1.703911739	15.82382884
2372	-8.20264106	-12.77624605
2374	22.06542359	-4.542930651
2376	-6.751358893	9.312546082
2423	0.5071246062	10.24978223
2426	7.321178138	11.53346672
2427	-0.1619072328	-13.19304792
2428	-11.26509347	-2.4617239
2429	8.426772945	16.16946903
2430	19.42571274	-16.82894745
2431	-33.03271472	4.464602978
2432	12.11051671	14.10208302
2433	12.98687778	-13.50602672
2434	-17.95350189	-4.080322278
2435	5.860932004	11.02637861
2438	-7.114827087	14.13994699
2439	1.298643656	-12.46260122
2491	-0.1439366161	-11.80714867
2493	2.864499584	14.16031127
2496	13.23252878	14.49942764
2497	-19.38689398	0.6430525491
2499	3.254744402	-11.91479764
2501	-1.25146115	10.13736733
2554	14.55294046	-3.95848379
2556	-11.99963344	8.114416316
2557	-12.77331659	-8.079696863
2558	13.5263653	-9.391056196
2559	18.38553544	4.028988338
2560	-22.43444771	11.17436134
2562	13.76307403	-9.215400249
2564	-7.389866351	12.49434727
2619	0.4794260369	-12.25665144
2623	-19.69963025	30.69068466
2624	27.05663435	-53.89287866
2625	-10.35157125	16.86762176
2626	7.652409376	18.83673696
2628	-8.852570759	-5.29054779
2685	10.48944347	-3.090395545
2687	-16.1029075	28.72627575
2688	1.637433649	-37.08357119
2689	10.04612695	13.94715815
2749	-15.01186373	-4.439151779
2750	15.4921358	1.143705977
2751	-5.012416894	-8.825766232
2752	16.57307611	15.19124296
2753	-23.17292439	5.226328919
2754	1.666385685	-16.21555727
2756	10.30698701	2.844784218
2804	9.873325392	-3.643857923
2812	9.007736551	5.949405331
2814	-15.51731138	-17.16739877
2816	33.59673137	13.71426313
2817	-37.82751359	-9.063150256
2819	13.91691102	-2.445633009
2822	-0.8346632224	13.74532531
2823	-2.01404527	-9.953969304
2873	-4.819463602	-11.75528429
2874	9.527399363	14.21374101
2876	-1.631280363	-14.57442538
2877	0.1857908575	21.3523757
2878	24.14265494	-4.839548439
2879	-45.22629713	-16.22989731
2880	18.75764186	24.26712536
2881	18.39060663	-21.46381229
2882	-14.98956034	-0.3509618734
2883	3.78181605	17.95436388
2885	8.082634962	-11.17028157
2933	-12.00500513	-3.450625308
2937	-11.97343342	0.6093317415
2939	21.94149879	0.6298400933
2940	-19.44862792	3.283219643
2942	12.69236819	-4.752660931
2943	-10.46925193	-11.60800134
2944	-11.48087397	26.00678778
2945	17.99896699	-31.74788662
2946	-1.66456139	13.63636398
2949	-16.87535345	4.040135226
2950	15.62227265	-16.20716328
2952	9.192576615	5.376550736
2956	8.900395601	6.064204415
2960	10.68989214	2.025253147
2997	10.34649554	9.577274277
2999	-13.42740229	2.247501803
3001	24.87481915	-14.88914347
3002	-10.32879415	28.6444971
3003	-9.717443756	3.739023613
3004	-9.592643088	-25.96152667
3006	32.69332238	5.747474435
3007	-13.34925854	12.23550117
3008	-17.58083618	-12.75697008
3010	8.373821279	14.31972399
3011	-13.25513641	-24.80928122
3013	9.704718627	6.262093747
3015	-11.14663046	-3.018022818
3016	8.130889614	-12.25838816
3019	4.054246935	9.584198724
3020	-9.031262046	-17.53522674
3022	10.93801495	-0.05190956618
3024	-7.806530097	8.020361521
3025	2.038992167	-10.31955438
3061	-11.88378419	-6.092605159
3063	13.64850831	-18.16178232
3065	-2.225542806	18.11596492
3066	-7.350579501	-8.004656107
3067	3.104957389	-20.63133276
3068	21.01984409	22.1565729
3069	-14.62284516	6.957161926
3070	-29.72448874	-24.69591567
3071	28.54706942	12.50377834
3072	33.671875	-8.171875
3073	-49.55886374	15.28105113
3075	28.39566127	-21.55605809
3076	-20.45595666	6.817833768
3077	15.23674674	14.92969163
3078	-11.08677123	-17.2191467
3080	14.56632379	16.5113737
3081	-6.593071461	-10.42264454
3086	-7.718992554	9.144150283
3088	-10.97018713	0.06992227494
3089	11.26325926	-1.246810673
3121	16.26323485	0.05001288071
3122	-13.85892936	4.870043052
3125	-1.324581585	-15.12433296
3126	13.43610623	-6.592914624
3127	-2.021919533	21.55810114
3128	13.04111763	3.190407062
3129	-49.26814684	4.611215523
3130	33.74290498	-31.98784408
3132	-2.534281266	16.26160551
3133	19.73203339	-0.6213640109
3134	-22.73600996	8.922957808
3135	-13.58553983	-12.16311855
3136	12.45206131	5.664979335
3137	4.010390352	-37.70510041
3138	18.99682402	41.52061502
3139	-12.18955026	17.50459419
3140	-29.72801662	-38.27724495
3141	17.46643244	3.114380907
3142	19.66579088	3.727774526
3143	-0.5774293248	11.68853148
3144	-26.29836741	2.255069506
3145	7.693479347	-10.44037354
3147	16.59078463	-2.976921905
3148	3.429054802	12.28771858
3149	-17.21908787	9.957670056
3150	-0.3415532576	-10.76673085
3152	16.1974573	-1.365112225
3163	-3.325249273	-9.813542149
3165	10.40167779	4.011243591
3170	11.80720152	1.523473204
3183	13.69191329	-1.424815156
3184	-11.83192477	7.467143973
3186	-2.200957306	-13.2842064
3187	-4.718876752	-13.0090529
3188	20.97881695	8.386458526
3190	-22.34525775	18.34153769
3191	-12.37299967	-8.038761037
3192	7.455055593	-36.40575662
3193	17.78423701	6.3813252
3194	19.78566601	39.80367592
3195	-36.46710299	-14.24395813
3196	-17.5693112	5.112563428
3197	34.44666966	-33.98372539
3199	-15.64698934	35.85323834
3200	27.27576332	-20.29764435
3201	-35.8489767	2.666572775
3203	29.19984398	-25.86473852
3204	6.04696239	26.96747474
3205	5.595095401	14.23822127
3206	-56.36856394	-7.82161521
3207	33.59878912	-11.85365946
3208	6.665807523	-20.74940633
3209	1.215863126	25.40965972
3210	7.915503425	8.196138265
3211	-19.84070623	-1.083773557
3212	-8.269052515	-10.07991742
3213	13.27076632	-7.738374106
3214	11.3264277	1.107680093
3215	-5.820128261	16.22049918
3217	-4.763229304	-9.687521803
3231	11.11810102	-3.255137353
3249	7.553430139	-8.869771643
3250	10.70607972	18.14198449
3251	-13.91525057	-3.574077005
3253	-19.66897039	-18.18832957
3254	35.22393558	2.326043498
3255	-15.72035886	6.503888254
3256	15.77913604	11.52446202
3257	-36.41790275	-3.469072906
3258	6.974362349	-21.77652281
3259	34.0935478	13.68886221
3260	-8.891802858	-16.13928146
3261	-23.02700461	51.76252198
3262	3.72608475	-36.27327738
3263	17.09611654	-28.01645616
3264	-27.55323116	46.17946541
3265	45.20699944	-19.60173221
3266	-40.24742877	2.365789958
3267	17.77515915	-10.29022615
3268	-7.524957194	38.24165153
3269	4.269205011	-42.63616745
3270	-11.96861831	5.203971136
3271	25.58049239	6.775191139
3272	-10.70518177	29.81923352
3273	-21.52452325	-44.43174761
3274	24.8159021	15.89131842
3276	17.02819562	6.641355435
3277	-29.98551664	3.941785595
3278	21.12000151	-11.91092084
3279	-16.70442801	-3.723003794
3280	18.74124739	8.512253535
3282	-14.98180346	-0.5958803624
3295	-5.950312475	10.78219874
3296	3.097044572	-12.61806787
3300	-13.07286906	2.265245477
3301	9.958063151	-2.192930274
3312	10.06731684	-5.14595318
3313	-5.579317042	20.59805714
3314	-7.412059858	-24.59531495
3315	9.485493129	7.326318204
3316	4.519360433	17.12007344
3317	-3.521117152	-19.48456692
3318	-28.32260837	15.06563379
3319	35.68989398	-21.35332716
3320	-15.59077217	1.188056233
3321	19.3477486	23.58986368
3322	-0.2341602482	-14.56855909
3323	-49.05724547	10.8025169
3324	41.65835479	6.085213664
3325	-1.368369678	-55.81529209
3326	-18.08356935	61.47061467
3327	35.83046002	-25.0188585
3328	-39.50841962	8.37919583
3329	15.84674313	-11.17408854
3330	26.07229031	24.93885616
3331	-66.47382301	-27.2500751
3332	54.55036255	12.79786916
3333	-15.43423814	-17.36122935
3334	14.20883274	14.57352021
3335	-20.33715659	22.31097979
3336	3.496337406	-47.0311773
3337	10.58138063	32.03255125
3339	-13.3133654	-22.39483419
3341	12.27337744	-2.354831585
3342	-5.697326983	14.09712185
3344	2.101457757	-10.33558046
3354	-5.128329208	-9.02745714
3377	-4.774331114	-10.57590462
3378	13.04105066	3.865435429
3379	-7.156880647	8.660599759
3381	-2.534163764	-15.94368912
3383	30.3774583	29.34742331
3384	-45.14788126	-22.24739737
3385	23.23116138	-8.3773801
3386	-4.660492266	21.30611095
3387	12.39691824	-32.98597282
3388	-14.02337279	53.92081796
3389	3.904509637	-56.61915625
3390	3.999417911	36.63313485
3391	-11.05710631	-3.492441211
3392	14.80312496	-22.44576241
3393	-37.44667272	14.10958398
3394	76.9095275	5.760279741
3395	-56.9848599	-20.16880623
3396	-13.83755909	48.40178338
3397	33.26182433	-49.30409548
3399	2.470302299	21.47500371
3400	10.78064063	-6.595141314
3401	-30.65085835	13.74905826
3402	24.55731898	-14.54886794
3403	-9.799150107	-14.49413363
3404	1.886960278	16.90475289
3405	10.74823641	15.3984093
3406	-22.50037919	-28.73654772
3407	21.35829036	11.46775023
3408	-11.37924795	3.912860648
3417	9.505025656	8.998645171
3418	-7.577318171	-11.8204077
3419	-9.764917556	13.02538234
3420	10.75597095	-12.17803384
3422	4.313412974	9.810193259
3424	-15.12147706	-1.062750057
3425	18.27499996	-1.18317397
3428	-5.33633033	9.38135008
3438	6.820830338	-12.59203688
3440	1.221976589	29.12164317
3441	6.325264405	-23.37658472
3442	-26.45984936	11.91932406
3443	13.05747554	-23.91855428
3444	1.998620438	14.37071901
3445	20.13949896	-6.411740553
3446	-4.989542919	35.73517483
3447	-45.60242318	-47.01427942
3448	43.19220673	11.26718498
3449	-8.416957677	27.26824712
3450	16.88071805	-17.53772984
3451	-55.90992293	-17.87206178
3452	48.21740493	8.152519621
3453	-5.544177284	28.51432675
3454	11.23065925	-41.69863053
3455	-41.09111776	30.0263723
3456	50.27414781	-1.566108948
3457	-35.57938253	5.686212837
3458	-43.99792163	-31.74839496
3459	98.98287375	10.92921233
3460	-27.59841488	-16.44151576
3461	-18.92810315	54.07406817
3462	-20.46787396	2.923311906
3463	15.37720598	-62.38698701
3464	7.337483418	23.70284647
3465	8.375672169	-18.40933407
3466	-9.058156591	58.52803324
3467	6.260451748	-41.23971974
3468	-17.08535003	13.63563731
3469	4.682755644	-25.29722557
3470	16.05979702	22.60412863
3471	-10.99968833	6.01282273
3472	-2.03284298	-10.2856305
3474	10.93911059	6.775221407
3482	11.97707523	-2.449751619
3485	-13.37285985	-8.256129302
3487	10.43446539	-4.741362998
3489	-13.09926709	15.71176172
3494	-4.751481802	9.191970445
3502	3.384924356	20.24858054
3503	-15.73177795	-19.80370496
3504	-0.3306532649	-11.222523
3505	26.09106657	3.28446596
3506	1.14936562	13.0285416
3507	-13.42852086	28.56007727
3508	-19.55109584	-42.39191827
3510	9.687200278	4.000730863
3511	42.27114717	17.94057384
3512	-40.30729584	-9.807177916
3513	-39.47848804	34.2647016
3514	32.56603362	-71.0886491
3515	24.72107832	28.31285346
3516	15.21057985	11.87309733
3517	-49.35751122	15.54458619
3518	-7.51683244	7.531604308
3519	34.33446855	-61.39791381
3520	-39.8461669	30.43115911
3521	73.3267621	-3.02288985
3522	-23.60684624	14.13684629
3523	-55.89694881	27.26269261
3524	25.50162051	-20.38403289
3525	-6.406310138	-70.89235625
3526	51.93912667	49.19277628
3527	-14.78593056	41.28262402
3528	-39.42227078	-11.58894491
3529	-10.62983883	-20.87166706
3530	34.47081292	-37.20630047
3531	13.46246015	27.18634386
3532	-10.99623699	38.62236871
3533	-4.798214167	-19.20700178
3534	-25.68913313	-15.71588309
3535	17.75873193	0.1416484966
3536	19.44445786	-6.90691851
3537	-10.49444061	21.71612123
3539	-9.651800893	-6.689133408
3546	-11.9988156	-4.739689907
3548	10.88035689	-12.17663222
3549	13.65594089	7.200327533
3550	-14.35057069	19.35606078
3552	-10.96931822	-7.870180956
3553	14.27093703	-8.109773832
3554	13.63293569	-1.54105611
3555	-7.85066733	20.74120122
3557	-12.70563233	-17.45045093
3558	10.05221198	-2.463121618
3566	8.362759752	-7.171687101
3567	12.36883467	0.553633743
3568	-8.892698434	34.41502149
3569	-10.33870859	-21.46501723
3570	-24.57266213	-16.06689362
3571	42.55351186	-7.690996598
3572	17.87769697	10.77536187
3573	-26.96529839	45.13675284
3574	-15.00147797	-34.36591487
3575	-15.52238648	5.876231477
3576	21.26242764	-43.81315454
3577	31.24457221	18.6649244
3578	3.95130859	27.62750976
3579	-25.48308329	47.09096782
3580	-61.89525027	-73.20793276
3581	52.91591564	-31.80041411
3582	53.6911145	62.35929447
3583	-47.04841896	-13.64585737
3584	-12.15930229	18.23686134
3585	-2.834364544	-20.58718339
3586	17.21784855	-11.93517994
3587	-11.7797695	7.296497061
3588	35.72377687	-1.95957374
3589	-10.59317542	18.20499732
3590	-63.66376345	37.35998918
3591	47.79124092	-94.68646903
3592	-1.013203346	20.2380804
3593	38.54499163	42.48464863
3594	-38.58300373	9.097998767
3595	-25.67428624	-17.8709142
3596	15.51329051	-24.60226125
3597	16.74083398	11.71412559
3598	7.949940471	-7.620411152
3599	-11.51360172	32.05759333
3600	-6.094206091	-13.40971559
3602	8.884191842	-6.55146657
3605	-10.05538724	1.283084123
3606	9.532646496	-3.321644595
3613	-10.3330468	4.207635341
3614	4.405353257	-16.7318464
3617	-4.85796664	15.66664676
3618	-4.974991781	-13.17757542
3620	10.97628714	5.750238765
3621	9.457771223	-9.094369604
3622	-10.76266885	13.45172569
3628	-9.796537439	7.261863159
3631	-13.22396745	9.69903669
3632	10.23242092	-16.23821219
3634	21.79428436	0.7241848786
3635	-14.75582329	16.33051564
3636	-10.66763447	-8.377542389
3638	16.55036926	-12.57411376
3640	12.07904007	39.52837352
3641	-3.286973803	-15.46482798
3642	-36.33242999	-38.82497932
3643	17.40423286	56.24665457
3644	66.30322585	-44.83470195
3645	-86.12465443	30.63659158
3646	-15.5914331	7.004745372
3647	99.91013525	-66.58397445
3648	-64.63828885	46.96592022
3649	27.33234136	53.15722863
3650	-43.80919061	-69.25443862
3651	16.80194317	-14.43396416
3652	39.0940744	57.93998519
3653	-37.86855598	-22.92235373
3654	-12.31897393	-26.64970396
3655	37.50244524	30.35013125
3656	2.95704115	-11.7465088
3657	-35.80728212	20.17717919
3658	13.44097283	-13.9496591
3659	-5.421886302	-11.43150141
3660	15.60529229	3.023281896
3662	5.886820297	9.4194059
3663	-13.80798677	-1.859960767
3664	5.548572801	-15.59210753
3665	1.589747988	17.75219617
3675	5.934633277	13.26232908
3677	-10.91154924	-11.75133839
3678	14.04899984	8.979215231
3681	-8.101683893	7.902545901
3682	0.3931055615	-13.90683594
3687	-1.064630694	-11.80402086
3691	5.895779263	-10.29671161
3693	8.669915656	17.40137221
3695	-33.26538917	-15.50980201
3696	37.79277289	-0.9621060098
3698	-19.84197539	27.02016754
3699	5.499085501	10.233147
3700	-27.4162382	-65.05955059
3701	30.51664044	36.40769112
3702	9.666976529	4.300828174
3703	18.33925101	-8.754413856
3704	-67.83693515	38.61450975
3705	33.58448726	-32.776094
3706	-4.233509651	-23.05297404
3707	-5.826749675	13.48585686
3708	50.90955802	19.58224732
3709	-44.59461073	-13.12569404
3711	2.455880777	30.76479098
3712	-35.02263703	-53.84780011
3713	67.06334296	-37.83691253
3714	-12.79906957	82.97854865
3715	-4.275925855	25.00649491
3716	-57.69113091	-65.34138315
3717	16.82612716	-29.30613873
3718	102.2232567	38.03842484
3719	-73.2338558	36.84834994
3720	-45.83023222	-6.44171273
3721	45.00406149	-39.18096081
3722	-2.216417978	-39.14298642
3723	33.92270087	85.57811745
3724	-38.26283082	-23.82349758
3726	-10.8531135	-8.283351042
3727	19.49023673	-10.25878017
3728	5.528449246	10.14087385
3729	-14.59116585	9.633824292
3730	14.5472141	-1.95806073
3731	-17.84266475	-9.641404896
3732	8.976593384	6.543770626
3737	-5.053539168	9.361821515
3740	10.87368957	-11.1309393
3741	17.62695895	12.66388446
3742	-17.96440255	9.685049142
3743	-9.776528856	-2.744088517
3745	13.86796184	-11.93685636
3746	5.842155248	15.22257413
3747	-16.42560146	9.811311719
3749	-5.067004793	-8.640044264
3752	-12.06704898	0.3454915818
3753	8.480522606	5.643056288
3758	12.60470791	-14.9479605
3759	12.21666589	7.955479655
3760	-5.464134608	35.93005347
3761	-30.08496078	-21.86451873
3762	2.812706804	-19.61952573
3763	19.9486597	-9.203750809
3764	29.06100033	34.23661545
3765	-43.35011581	-4.956993865
3767	1.815366312	-38.19859474
3768	4.040890746	26.87264446
3769	54.13657412	-12.08883137
3770	-86.81847211	40.53485742
3771	32.76267756	-19.16577103
3772	-16.08951392	-47.24364006
3773	26.94193657	18.00943736
3774	34.57514458	33.06324592
3775	-40.07571648	-18.47616772
3776	-26.68075638	46.44157781
3777	19.56751366	-41.59469189
3778	-18.92452589	-54.20206489
3779	21.32970896	54.61182611
3780	76.00036314	-18.62655693
3781	-86.81415934	56.26613838
3782	-16.49774267	-6.482282665
3783	9.791144235	-75.51245334
3784	34.14419479	24.95755986
3785	10.98720478	27.43646603
3786	-32.83995577	4.299960251
3787	-6.939492855	-20.48895739
3788	23.71419869	1.228380942
3790	-7.223766888	28.87755599
3791	5.649081984	-20.72878142
3792	-23.61889039	-1.646042983
3793	22.69866975	1.36386438
3795	-5.762829143	8.335411884
3799	-3.907193121	9.629834289
3801	3.416371667	-11.942229
3803	11.97923465	7.898560301
3804	-13.14607565	5.718905885
3805	-10.35977369	-10.48728741
3806	10.39267687	-1.158462349
3809	-1.954004629	-10.59972157
3811	13.84038356	5.196736065
3815	-2.962884661	-9.954347548
3820	-13.57727701	7.65226954
3821	12.18920008	-3.58220104
3822	-1.314349359	15.62593276
3823	-18.0052458	-17.97592131
3824	11.16411363	-3.333118081
3827	-13.37939289	27.29809202
3828	9.451164407	-38.50227642
3829	0.8176996439	17.95385212
3830	-20.99720719	-1.838606569
3831	18.31401468	16.21612654
3832	-13.64461394	-30.49690501
3833	9.844064157	-3.48644881
3834	28.07771665	6.835141974
3835	-23.32241416	38.80042308
3836	-39.08935306	-33.82585819
3837	57.69234527	39.17624235
3838	-7.424230834	-72.1248684
3839	-78.73778446	-11.50667101
3840	82.24122867	157.3984542
3841	58.27937469	-191.0306253
3842	-143.5814499	81.05405658
3843	82.14333828	57.72352847
3844	-10.14353572	-60.41943901
3845	-43.7385239	-35.53472653
3846	79.62975833	67.48886181
3847	-50.19291782	-49.07302836
3848	-1.480009394	21.22372018
3849	20.99866427	27.80862691
3850	-0.2165969298	-43.20419025
3851	-25.08090973	27.44674268
3852	2.408740522	-23.74304803
3853	26.92414914	6.925625103
3854	-23.63654032	15.15005638
3855	27.72587796	-10.00866411
3856	-23.63227877	-6.096220667
3857	-9.940259984	14.50426645
3858	18.53769242	-10.79495556
3864	13.36810561	-1.284812089
3868	-1.019416289	-11.95983699
3869	5.251351984	19.20452976
3870	-4.642849862	-21.88684677
3872	-0.5394306893	18.0877251
3874	-8.438931077	-6.644591186
3877	-7.582453041	17.12710761
3879	4.32300974	-10.33526268
3880	-13.91970964	-2.748145146
3885	-1.045835692	-13.97510075
3886	-19.79695926	0.8084737822
3887	22.06844078	15.76077012
3888	-6.475390815	-10.94719402
3889	2.87780724	-19.80175205
3890	5.387668624	31.27813485
3891	3.802129515	-23.48348817
3892	-46.39535313	42.2200541
3893	49.54637837	-44.92081615
3894	12.11456667	-8.924439755
3895	-41.56851473	37.5035169
3896	13.99270975	22.29999348
3897	-27.49094499	-78.5112457
3898	27.4105543	55.69814038
3899	58.02236049	-32.46229736
3900	-35.1296042	-23.30539124
3901	-101.0018771	127.639968
3902	109.708805	19.53025064
3903	-42.22278969	-311.0882008
3904	-35.30485356	184.6227153
3905	167.9529852	158.5275207
3906	-160.9490989	-160.5636922
3907	17.86052365	10.35548753
3909	25.72106911	9.148102043
3910	-28.76985099	-2.239480229
3911	50.32030948	-9.025449015
3912	-22.84210062	26.53503341
3913	-33.53139503	-27.38360292
3914	-0.04869914978	27.05020587
3915	67.65711971	-34.00176476
3916	-55.24496022	39.46282415
3917	-0.7890264319	-24.67192588
3919	25.83965283	-6.464603556
3920	8.176168178	36.3327333
3921	-17.41300203	-16.19574274
3923	-13.51007299	14.50164078
3924	16.49437925	-7.632597016
3925	4.960302744	-9.610794526
3928	8.664824346	15.85603237
3929	-5.146137523	-14.64665079
3930	-3.030985436	12.94057617
3931	2.817254417	-12.28301672
3936	-9.963474789	-9.945344195
3938	9.65468881	14.60508978
3939	-17.60123667	4.370341346
3940	11.89093315	-25.39503208
3941	-12.04492479	9.185849136
3942	13.45218567	-4.247438707
3944	-7.940681351	8.41544283
3945	8.76400618	-8.848036497
3946	-10.6190827	5.369974136
3947	-4.868096091	-14.87934649
3948	5.026545872	20.52271305
3949	5.770775257	-11.73061272
3950	3.898458051	-9.211536228
3951	-16.89629444	9.579575929
3952	21.57327986	-3.140442512
3953	-3.379870823	16.928305
3954	-18.10530721	-5.802771217
3956	38.27039104	-39.08067549
3957	-47.7256685	73.69031096
3958	25.65225655	-49.21293235
3959	-20.64382763	-0.5802554982
3960	72.87741918	-17.09221353
3961	-38.04203917	83.49902754
3962	-112.6136937	-29.8220206
3963	131.3486791	-82.87476535
3964	-9.62937679	54.5223657
3965	-25.0249729	42.4578799
3966	-39.05946066	-61.6297763
3967	53.03220935	-14.66333317
3968	9.624527411	139.4918268
3969	-1.418728279	-224.7121678
3970	-86.72237315	234.2818628
3971	62.76330668	-147.6612932
3972	30.78750116	2.728572021
3973	-46.20115383	36.88806403
3974	49.68684921	1.413661147
3975	-41.41527578	27.56674399
3976	-23.29380077	-46.64835417
3977	41.09133131	11.39212449
3978	5.954443344	-16.05711822
3979	-33.60462499	48.87829058
3980	25.05532259	-60.13846206
3981	-5.704658596	45.26693978
3982	11.31221584	-9.026368971
3983	-33.37541645	-3.544468889
3984	9.853114545	-21.85770654
3985	41.40525766	20.31605821
3986	-31.02876765	13.75522474
3987	-16.91243043	-9.239428466
3988	10.45832989	-7.814339954
3989	10.77089956	-15.93853486
3990	3.315551836	17.77610531
3992	13.63692251	3.597497636
3993	-23.58810147	-5.366058203
3995	22.79364275	-8.733472528
3997	6.133251704	12.6881631
4003	16.76115242	3.266666752
4004	-19.24556061	11.23677351
4005	-8.955614649	-7.790332108
4006	5.814146104	-16.37014054
4007	19.70509436	-3.761266427
4008	2.761631576	26.96157113
4010	-21.16034543	-2.753458177
4011	-16.75336397	5.795254741
4012	17.89116591	-34.51098776
4013	25.78408251	-0.4297995841
4014	-7.779804358	8.893875191
4015	1.929878746	34.54743134
4017	-45.04659025	-20.04347051
4018	24.76325283	0.8454227616
4019	19.57384305	-32.20995412
4020	-10.17193831	43.78185358
4021	-12.15904804	-11.78355624
4022	40.10628564	6.806693181
4023	-54.82490382	-13.69492858
4024	21.22312785	13.27169368
4025	14.13145745	-77.47419002
4026	64.25073309	130.6035219
4027	-91.01402039	72.09430162
4028	-140.3395599	-159.2139876
4029	68.66219076	-166.6424974
4030	264.6962836	-65.96324322
4031	279.0786267	786.6087149
4032	-941.7697437	-478.938402
4033	273.1939336	-242.9364226
4034	392.918308	63.19717867
4035	-13.41104588	135.3264992
4036	-180.4477851	90.32285043
4037	-39.35946763	-40.28946889
4038	24.87825055	-61.17609446
4039	0.3148818327	-34.82200252
4040	63.0379913	48.17648258
4041	-12.65214017	-28.04257523
4042	-58.38958301	49.6354646
4043	40.83318891	-34.93107852
4044	8.432835132	-7.420058035
4045	-15.55560975	15.26979504
4046	37.59939894	3.961085934
4047	-40.95568928	8.185856617
4048	-27.55179624	29.43812392
4049	3.261416021	-55.13660847
4050	34.86553678	-44.83281332
4051	26.01623513	37.16871161
4052	-4.071965804	34.98868132
4053	-17.00884693	35.68144784
4054	-18.97121684	-34.74728535
4055	-32.98763515	-16.92405772
4056	29.17298549	-26.58640313
4057	19.31728564	1.123121204
4058	24.14070861	30.04580953
4059	-11.66061346	14.99667998
4060	-28.39769544	-6.060578443
4061	-1.833582308	-12.28740377
4063	13.39585262	10.78743041
4064	10.50790394	-6.162254653
4065	-26.37238862	0.7980093328
4067	1.285468934	-12.20006758
4068	15.58031843	-7.128009472
4069	29.69096171	24.42906086
4070	-25.94621587	21.47554358
4071	-33.15249666	-1.260810415
4072	-38.39571718	-27.83693107
4073	57.08021174	-21.49016107
4074	25.56936812	-19.88683916
4075	10.71893317	20.09188864
4076	-10.7210454	56.98897332
4077	-18.01140966	25.39758948
4078	-51.16995644	-48.07783079
4079	22.12925663	-33.41640682
4080	14.49887056	-26.06271745
4081	29.22635232	41.39026399
4082	16.58650177	8.545100933
4083	-48.87302169	38.54676143
4084	29.90556362	-41.67142844
4085	-48.15609168	-34.22369764
4086	33.7791992	57.06852531
4087	25.19777698	0.0258170637
4088	-34.12757398	-0.5471223508
4089	-60.34566537	-8.977609048
4090	13.19681009	-59.79649163
4091	74.29915651	-158.123251
4092	179.1494886	254.3617394
4093	-28.79625906	247.9962277
4094	-216.0249267	-34.57510887
4095	-1197.935434	-668.5743001
