4096
0	2484.53125	0
1	-1197.935434	668.5743001
2	-216.0249267	34.57510887
3	-28.79625906	-247.9962277
4	179.1494886	-254.3617394
5	74.29915651	158.123251
6	13.19681009	59.79649163
7	-60.34566537	8.977609048
8	-34.12757398	0.5471223508
10	33.7791992	-57.06852531
11	-48.15609168	34.22369764
12	29.90556362	41.67142844
13	-48.87302169	-38.54676143
15	29.22635232	-41.39026399
17	22.12925663	33.41640682
18	-51.16995644	48.07783079
19	-18.01140966	-25.39758948
20	-10.7210454	-56.98897332
22	25.56936812	19.88683916
23	57.08021174	21.49016107
24	-38.39571718	27.83693107
25	-33.15249666	1.260810415
26	-25.94621587	-21.47554358
27	29.69096171	-24.42906086
38	24.14070861	-30.04580953
40	29.17298549	26.58640313
41	-32.98763515	16.92405772
42	-18.97121684	34.74728535
43	-17.00884693	-35.68144784
44	-4.071965804	-34.98868132
45	26.01623513	-37.16871161
46	34.86553678	44.83281332
47	3.261416021	55.13660847
48	-27.55179624	-29.43812392
49	-40.95568928	-8.185856617
50	37.59939894	-3.961085934
53	40.83318891	34.93107852
54	-58.38958301	-49.6354646
55	-12.65214017	28.04257523
56	63.0379913	-48.17648258
57	0.3148818327	34.82200252
58	24.87825055	61.17609446
59	-39.35946763	40.28946889
60	-180.4477851	-90.32285043
61	-13.41104588	-135.3264992
62	392.918308	-63.19717867
63	273.1939336	242.9364226
64	-941.7697437	478.938402
65	279.0786267	-786.6087149
66	264.6962836	65.96324322
67	68.66219076	166.6424974
68	-140.3395599	159.2139876
69	-91.01402039	-72.09430162
70	64.25073309	-130.6035219
71	14.13145745	77.47419002
73	-54.82490382	13.69492858
74	40.10628564	-6.806693181
76	-10.17193831	-43.78185358
77	19.57384305	32.20995412
79	-45.04659025	20.04347051
81	1.929878746	-34.54743134
84	17.89116591	34.51098776
110	-31.02876765	-13.75522474
111	41.40525766	-20.31605821
113	-33.37541645	3.544468889
115	-5.704658596	-45.26693978
116	25.05532259	60.13846206
117	-33.60462499	-48.87829058
119	41.09133131	-11.39212449
120	-23.29380077	46.64835417
121	-41.41527578	-27.56674399
122	49.68684921	-1.413661147
123	-46.20115383	-36.88806403
124	30.78750116	-2.728572021
125	62.76330668	147.6612932
126	-86.72237315	-234.2818628
127	-1.418728279	224.7121678
128	9.624527411	-139.4918268
129	53.03220935	14.66333317
130	-39.05946066	61.6297763
131	-25.0249729	-42.4578799
132	-9.62937679	-54.5223657
133	131.3486791	82.87476535
134	-112.6136937	29.8220206
135	-38.04203917	-83.49902754
136	72.87741918	17.09221353
138	25.65225655	49.21293235
139	-47.7256685	-73.69031096
140	38.27039104	39.08067549
176	8.176168178	-36.3327333
180	-55.24496022	-39.46282415
181	67.65711971	34.00176476
183	-33.53139503	27.38360292
184	-22.84210062	-26.53503341
185	50.32030948	9.025449015
190	-160.9490989	160.5636922
191	167.9529852	-158.5275207
192	-35.30485356	-184.6227153
193	-42.22278969	311.0882008
194	109.708805	-19.53025064
195	-101.0018771	-127.639968
196	-35.1296042	23.30539124
197	58.02236049	32.46229736
198	27.4105543	-55.69814038
199	-27.49094499	78.5112457
201	-41.56851473	-37.5035169
203	49.54637837	44.92081615
204	-46.39535313	-42.2200541
206	5.387668624	-31.27813485
245	-25.08090973	-27.44674268
246	-0.2165969298	43.20419025
247	20.99866427	-27.80862691
249	-50.19291782	49.07302836
250	79.62975833	-67.48886181
251	-43.7385239	35.53472653
252	-10.14353572	60.41943901
253	82.14333828	-57.72352847
254	-143.5814499	-81.05405658
255	58.27937469	191.0306253
256	82.24122867	-157.3984542
257	-78.73778446	11.50667101
258	-7.424230834	72.1248684
259	57.69234527	-39.17624235
260	-39.08935306	33.82585819
261	-23.32241416	-38.80042308
264	-13.64461394	30.49690501
268	9.451164407	38.50227642
269	-13.37939289	-27.29809202
310	-32.83995577	-4.299960251
312	34.14419479	-24.95755986
313	9.791144235	75.51245334
315	-86.81415934	-56.26613838
316	76.00036314	18.62655693
317	21.32970896	-54.61182611
318	-18.92452589	54.20206489
319	19.56751366	41.59469189
320	-26.68075638	-46.44157781
321	-40.07571648	18.47616772
322	34.57514458	-33.06324592
323	26.94193657	-18.00943736
324	-16.08951392	47.24364006
325	32.76267756	19.16577103
326	-86.81847211	-40.53485742
327	54.13657412	12.08883137
329	1.815366312	38.19859474
331	-43.35011581	4.956993865
332	29.06100033	-34.23661545
335	-30.08496078	21.86451873
336	-5.464134608	-35.93005347
372	-38.26283082	23.82349758
373	33.92270087	-85.57811745
374	-2.216417978	39.14298642
375	45.00406149	39.18096081
376	-45.83023222	6.44171273
377	-73.2338558	-36.84834994
378	102.2232567	-38.03842484
379	16.82612716	29.30613873
380	-57.69113091	65.34138315
382	-12.79906957	-82.97854865
383	67.06334296	37.83691253
384	-35.02263703	53.84780011
385	2.455880777	-30.76479098
387	-44.59461073	13.12569404
388	50.90955802	-19.58224732
391	33.58448726	32.776094
392	-67.83693515	-38.61450975
395	30.51664044	-36.40769112
396	-27.4162382	65.05955059
398	-19.84197539	-27.02016754
400	37.79277289	0.9621060097
401	-33.26538917	15.50980201
439	-35.80728212	-20.17717919
441	37.50244524	-30.35013125
443	-37.86855598	22.92235373
444	39.0940744	-57.93998519
446	-43.80919061	69.25443862
447	27.33234136	-53.15722863
448	-64.63828885	-46.96592022
449	99.91013525	66.58397445
451	-86.12465443	-30.63659158
452	66.30322585	44.83470195
453	17.40423286	-56.24665457
454	-36.33242999	38.82497932
456	12.07904007	-39.52837352
497	-11.51360172	-32.05759333
501	-25.67428624	17.8709142
502	-38.58300373	-9.097998767
503	38.54499163	-42.48464863
505	47.79124092	94.68646903
506	-63.66376345	-37.35998918
508	35.72377687	1.95957374
513	-47.04841896	13.64585737
514	53.6911145	-62.35929447
515	52.91591564	31.80041411
516	-61.89525027	73.20793276
517	-25.48308329	-47.09096782
519	31.24457221	-18.6649244
520	21.26242764	43.81315454
522	-15.00147797	34.36591487
523	-26.96529839	-45.13675284
525	42.55351186	7.690996598
528	-8.892698434	-34.41502149
562	-25.68913313	15.71588309
564	-10.99623699	-38.62236871
565	13.46246015	-27.18634386
566	34.47081292	37.20630047
568	-39.42227078	11.58894491
569	-14.78593056	-41.28262402
570	51.93912667	-49.19277628
571	-6.406310138	70.89235625
572	25.50162051	20.38403289
573	-55.89694881	-27.26269261
575	73.3267621	3.02288985
576	-39.8461669	-30.43115911
577	34.33446855	61.39791381
579	-49.35751122	-15.54458619
581	24.72107832	-28.31285346
582	32.56603361	71.0886491
583	-39.47848804	-34.2647016
584	-40.30729584	9.807177916
585	42.27114717	-17.94057384
588	-19.55109584	42.39191827
589	-13.42852086	-28.56007727
629	6.260451748	41.23971974
630	-9.05815659	-58.52803324
633	15.37720598	62.38698701
635	-18.92810315	-54.07406817
636	-27.59841488	16.44151576
637	98.98287375	-10.92921233
638	-43.99792163	31.74839496
639	-35.57938253	-5.686212837
640	50.27414781	1.566108948
641	-41.09111776	-30.0263723
642	11.23065925	41.69863053
644	48.21740493	-8.152519621
645	-55.90992293	17.87206178
648	43.19220673	-11.26718498
649	-45.60242318	47.01427942
650	-4.989542919	-35.73517483
690	-22.50037919	28.73654772
695	-30.65085835	-13.74905826
699	33.26182433	49.30409548
700	-13.83755909	-48.40178338
701	-56.9848599	20.16880623
702	76.9095275	-5.760279741
703	-37.44667272	-14.10958398
706	3.999417911	-36.63313485
707	3.904509637	56.61915625
708	-14.02337279	-53.92081796
709	12.39691824	32.98597282
712	-45.14788126	22.24739737
713	30.3774583	-29.34742331
759	10.58138063	-32.03255125
760	3.496337406	47.0311773
761	-20.33715659	-22.31097979
764	54.55036255	-12.79786916
765	-66.47382301	27.2500751
766	26.07229031	-24.93885616
768	-39.50841962	-8.37919583
769	35.83046002	25.0188585
770	-18.08356935	-61.47061467
771	-1.368369678	55.81529209
772	41.65835479	-6.085213664
773	-49.05724547	-10.8025169
775	19.3477486	-23.58986368
777	35.68989398	21.35332716
778	-28.32260837	-15.06563379
819	-29.98551664	-3.941785595
823	-21.52452325	44.43174761
824	-10.70518177	-29.81923352
827	4.269205011	42.63616745
828	-7.524957194	-38.24165153
830	-40.24742877	-2.365789958
831	45.20699944	19.60173221
832	-27.55323116	-46.17946541
833	17.09611654	28.01645616
834	3.72608475	36.27327738
835	-23.02700461	-51.76252198
837	34.0935478	-13.68886221
839	-36.41790275	3.469072906
842	35.22393558	-2.326043498
889	33.59878912	11.85365946
890	-56.36856394	7.82161521
893	29.19984398	25.86473852
895	-35.8489767	-2.666572775
896	27.27576332	20.29764435
897	-15.64698934	-35.85323834
899	34.44666966	33.98372539
901	-36.46710299	14.24395813
902	19.78566601	-39.80367592
904	7.455055593	36.40575662
956	-29.72801662	38.27724495
958	18.99682402	-41.52061502
959	4.010390351	37.70510041
966	33.74290498	31.98784408
967	-49.26814684	-4.611215523
1021	28.39566127	21.55605809
1023	-49.55886374	-15.28105113
1024	33.671875	8.171875
1025	28.54706942	-12.50377834
1026	-29.72448874	24.69591567
1028	21.01984409	-22.1565729
1090	32.69332238	-5.747474435
1094	-10.32879415	-28.6444971
1151	17.99896699	31.74788662
1216	18.75764186	-24.26712536
1217	-45.22629713	16.22989731
1279	-37.82751359	9.063150256
1280	33.59673137	-13.71426313
1408	1.637433649	37.08357119
1409	-16.1029075	-28.72627575
1472	27.05663435	53.89287866
1473	-19.69963025	-30.69068466
1665	-33.03271472	-4.464602978
2431	-33.03271472	4.464602978
2623	-19.69963025	30.69068466
2624	27.05663435	-53.89287866
2687	-16.1029075	28.72627575
2688	1.637433649	-37.08357119
2816	33.59673137	13.71426313
2817	-37.82751359	-9.063150256
2879	-45.22629713	-16.22989731
2880	18.75764186	24.26712536
2945	17.99896699	-31.74788662
3002	-10.32879415	28.6444971
3006	32.69332238	5.747474435
3068	21.01984409	22.1565729
3070	-29.72448874	-24.69591567
3071	28.54706942	12.50377834
3072	33.671875	-8.171875
3073	-49.55886374	15.28105113
3075	28.39566127	-21.55605809
3129	-49.26814684	4.611215523
3130	33.74290498	-31.98784408
3137	4.010390352	-37.70510041
3138	18.99682402	41.52061502
3140	-29.72801662	-38.27724495
3192	7.455055593	-36.40575662
3194	19.78566601	39.80367592
3195	-36.46710299	-14.24395813
3197	34.44666966	-33.98372539
3199	-15.64698934	35.85323834
3200	27.27576332	-20.29764435
3201	-35.8489767	2.666572775
3203	29.19984398	-25.86473852
3206	-56.36856394	-7.82161521
3207	33.59878912	-11.85365946
3254	35.22393558	2.326043498
3257	-36.41790275	-3.469072906
3259	34.0935478	13.68886221
3261	-23.02700461	51.76252198
3262	3.72608475	-36.27327738
3263	17.09611654	-28.01645616
3264	-27.55323116	46.17946541
3265	45.20699944	-19.60173221
3266	-40.24742877	2.365789958
3268	-7.524957194	38.24165153
3269	4.269205011	-42.63616745
3272	-10.70518177	29.81923352
3273	-21.52452325	-44.43174761
3277	-29.98551664	3.941785595
3318	-28.32260837	15.06563379
3319	35.68989398	-21.35332716
3321	19.3477486	23.58986368
3323	-49.05724547	10.8025169
3324	41.65835479	6.085213664
3325	-1.368369678	-55.81529209
3326	-18.08356935	61.47061467
3327	35.83046002	-25.0188585
3328	-39.50841962	8.37919583
3330	26.07229031	24.93885616
3331	-66.47382301	-27.2500751
3332	54.55036255	12.79786916
3335	-20.33715659	22.31097979
3336	3.496337406	-47.0311773
3337	10.58138063	32.03255125
3383	30.3774583	29.34742331
3384	-45.14788126	-22.24739737
3387	12.39691824	-32.98597282
3388	-14.02337279	53.92081796
3389	3.904509637	-56.61915625
3390	3.999417911	36.63313485
3393	-37.44667272	14.10958398
3394	76.9095275	5.760279741
3395	-56.9848599	-20.16880623
3396	-13.83755909	48.40178338
3397	33.26182433	-49.30409548
3401	-30.65085835	13.74905826
3406	-22.50037919	-28.73654772
3446	-4.989542919	35.73517483
3447	-45.60242318	-47.01427942
3448	43.19220673	11.26718498
3451	-55.90992293	-17.87206178
3452	48.21740493	8.152519621
3454	11.23065925	-41.69863053
3455	-41.09111776	30.0263723
3456	50.27414781	-1.566108948
3457	-35.57938253	5.686212837
3458	-43.99792163	-31.74839496
3459	98.98287375	10.92921233
3460	-27.59841488	-16.44151576
3461	-18.92810315	54.07406817
3463	15.37720598	-62.38698701
3466	-9.058156591	58.52803324
3467	6.260451748	-41.23971974
3507	-13.42852086	28.56007727
3508	-19.55109584	-42.39191827
3511	42.27114717	17.94057384
3512	-40.30729584	-9.807177916
3513	-39.47848804	34.2647016
3514	32.56603362	-71.0886491
3515	24.72107832	28.31285346
3517	-49.35751122	15.54458619
3519	34.33446855	-61.39791381
3520	-39.8461669	30.43115911
3521	73.3267621	-3.02288985
3523	-55.89694881	27.26269261
3524	25.50162051	-20.38403289
3525	-6.406310138	-70.89235625
3526	51.93912667	49.19277628
3527	-14.78593056	41.28262402
3528	-39.42227078	-11.58894491
3530	34.47081292	-37.20630047
3531	13.46246015	27.18634386
3532	-10.99623699	38.62236871
3534	-25.68913313	-15.71588309
3568	-8.892698434	34.41502149
3571	42.55351186	-7.690996598
3573	-26.96529839	45.13675284
3574	-15.00147797	-34.36591487
3576	21.26242764	-43.81315454
3577	31.24457221	18.6649244
3579	-25.48308329	47.09096782
3580	-61.89525027	-73.20793276
3581	52.91591564	-31.80041411
3582	53.6911145	62.35929447
3583	-47.04841896	-13.64585737
3588	35.72377687	-1.95957374
3590	-63.66376345	37.35998918
3591	47.79124092	-94.68646903
3593	38.54499163	42.48464863
3594	-38.58300373	9.097998767
3595	-25.67428624	-17.8709142
3599	-11.51360172	32.05759333
3640	12.07904007	39.52837352
3642	-36.33242999	-38.82497932
3643	17.40423286	56.24665457
3644	66.30322585	-44.83470195
3645	-86.12465443	30.63659158
3647	99.91013525	-66.58397445
3648	-64.63828885	46.96592022
3649	27.33234136	53.15722863
3650	-43.80919061	-69.25443862
3652	39.0940744	57.93998519
3653	-37.86855598	-22.92235373
3655	37.50244524	30.35013125
3657	-35.80728212	20.17717919
3695	-33.26538917	-15.50980201
3696	37.79277289	-0.9621060098
3698	-19.84197539	27.02016754
3700	-27.4162382	-65.05955059
3701	30.51664044	36.40769112
3704	-67.83693515	38.61450975
3705	33.58448726	-32.776094
3708	50.90955802	19.58224732
3709	-44.59461073	-13.12569404
3711	2.455880777	30.76479098
3712	-35.02263703	-53.84780011
3713	67.06334296	-37.83691253
3714	-12.79906957	82.97854865
3716	-57.69113091	-65.34138315
3717	16.82612716	-29.30613873
3718	102.2232567	38.03842484
3719	-73.2338558	36.84834994
3720	-45.83023222	-6.44171273
3721	45.00406149	-39.18096081
3722	-2.216417978	-39.14298642
3723	33.92270087	85.57811745
3724	-38.26283082	-23.82349758
3760	-5.464134608	35.93005347
3761	-30.08496078	-21.86451873
3764	29.06100033	34.23661545
3765	-43.35011581	-4.956993865
3767	1.815366312	-38.19859474
3769	54.13657412	-12.08883137
3770	-86.81847211	40.53485742
3771	32.76267756	-19.16577103
3772	-16.08951392	-47.24364006
3773	26.94193657	18.00943736
3774	34.57514458	33.06324592
3775	-40.07571648	-18.47616772
3776	-26.68075638	46.44157781
3777	19.56751366	-41.59469189
3778	-18.92452589	-54.20206489
3779	21.32970896	54.61182611
3780	76.00036314	-18.62655693
3781	-86.81415934	56.26613838
3783	9.791144235	-75.51245334
3784	34.14419479	24.95755986
3786	-32.83995577	4.299960251
3827	-13.37939289	27.29809202
3828	9.451164407	-38.50227642
3832	-13.64461394	-30.49690501
3835	-23.32241416	38.80042308
3836	-39.08935306	-33.82585819
3837	57.69234527	39.17624235
3838	-7.424230834	-72.1248684
3839	-78.73778446	-11.50667101
3840	82.24122867	157.3984542
3841	58.27937469	-191.0306253
3842	-143.5814499	81.05405658
3843	82.14333828	57.72352847
3844	-10.14353572	-60.41943901
3845	-43.7385239	-35.53472653
3846	79.62975833	67.48886181
3847	-50.19291782	-49.07302836
3849	20.99866427	27.80862691
3850	-0.2165969298	-43.20419025
3851	-25.08090973	27.44674268
3890	5.387668624	31.27813485
3892	-46.39535313	42.2200541
3893	49.54637837	-44.92081615
3895	-41.56851473	37.5035169
3897	-27.49094499	-78.5112457
3898	27.4105543	55.69814038
3899	58.02236049	-32.46229736
3900	-35.1296042	-23.30539124
3901	-101.0018771	127.639968
3902	109.708805	19.53025064
3903	-42.22278969	-311.0882008
3904	-35.30485356	184.6227153
3905	167.9529852	158.5275207
3906	-160.9490989	-160.5636922
3911	50.32030948	-9.025449015
3912	-22.84210062	26.53503341
3913	-33.53139503	-27.38360292
3915	67.65711971	-34.00176476
3916	-55.24496022	39.46282415
3920	8.176168178	36.3327333
3956	38.27039104	-39.08067549
3957	-47.7256685	73.69031096
3958	25.65225655	-49.21293235
3960	72.87741918	-17.09221353
3961	-38.04203917	83.49902754
3962	-112.6136937	-29.8220206
3963	131.3486791	-82.87476535
3964	-9.62937679	54.5223657
3965	-25.0249729	42.4578799
3966	-39.05946066	-61.6297763
3967	53.03220935	-14.66333317
3968	9.624527411	139.4918268
3969	-1.418728279	-224.7121678
3970	-86.72237315	234.2818628
3971	62.76330668	-147.6612932
3972	30.78750116	2.728572021
3973	-46.20115383	36.88806403
3974	49.68684921	1.413661147
3975	-41.41527578	27.56674399
3976	-23.29380077	-46.64835417
3977	41.09133131	11.39212449
3979	-33.60462499	48.87829058
3980	25.05532259	-60.13846206
3981	-5.704658596	45.26693978
3983	-33.37541645	-3.544468889
3985	41.40525766	20.31605821
3986	-31.02876765	13.75522474
4012	17.89116591	-34.51098776
4015	1.929878746	34.54743134
4017	-45.04659025	-20.04347051
4019	19.57384305	-32.20995412
4020	-10.17193831	43.78185358
4022	40.10628564	6.806693181
4023	-54.82490382	-13.69492858
4025	14.13145745	-77.47419002
4026	64.25073309	130.6035219
4027	-91.01402039	72.09430162
4028	-140.3395599	-159.2139876
4029	68.66219076	-166.6424974
4030	264.6962836	-65.96324322
4031	279.0786267	786.6087149
4032	-941.7697437	-478.938402
4033	273.1939336	-242.9364226
4034	392.918308	63.19717867
4035	-13.41104588	135.3264992
4036	-180.4477851	90.32285043
4037	-39.35946763	-40.28946889
4038	24.87825055	-61.17609446
4039	0.3148818327	-34.82200252
4040	63.0379913	48.17648258
4041	-12.65214017	-28.04257523
4042	-58.38958301	49.6354646
4043	40.83318891	-34.93107852
4046	37.59939894	3.961085934
4047	-40.95568928	8.185856617
4048	-27.55179624	29.43812392
4049	3.261416021	-55.13660847
4050	34.86553678	-44.83281332
4051	26.01623513	37.16871161
4052	-4.071965804	34.98868132
4053	-17.00884693	35.68144784
4054	-18.97121684	-34.74728535
4055	-32.98763515	-16.92405772
4056	29.17298549	-26.58640313
4058	24.14070861	30.04580953
4069	29.69096171	24.42906086
4070	-25.94621587	21.47554358
4071	-33.15249666	-1.260810415
4072	-38.39571718	-27.83693107
4073	57.08021174	-21.49016107
4074	25.56936812	-19.88683916
4076	-10.7210454	56.98897332
4077	-18.01140966	25.39758948
4078	-51.16995644	-48.07783079
4079	22.12925663	-33.41640682
4081	29.22635232	41.39026399
4083	-48.87302169	38.54676143
4084	29.90556362	-41.67142844
4085	-48.15609168	-34.22369764
4086	33.7791992	57.06852531
4088	-34.12757398	-0.5471223508
4089	-60.34566537	-8.977609048
4090	13.19681009	-59.79649163
4091	74.29915651	-158.123251
4092	179.1494886	254.3617394
4093	-28.79625906	247.9962277
4094	-216.0249267	-34.57510887
4095	-1197.935434	-668.5743001
