4096
0	2484.53125	0
1	-1197.935434	668.5743001
2	-216.0249267	34.57510887
3	-28.79625906	-247.9962277
4	179.1494886	-254.3617394
5	74.29915651	158.123251
60	-180.4477851	-90.32285043
61	-13.41104588	-135.3264992
62	392.918308	-63.19717867
63	273.1939336	242.9364226
64	-941.7697437	478.938402
65	279.0786267	-786.6087149
66	264.6962836	65.96324322
67	68.66219076	166.6424974
68	-140.3395599	159.2139876
69	-91.01402039	-72.09430162
70	64.25073309	-130.6035219
125	62.76330668	147.6612932
126	-86.72237315	-234.2818628
127	-1.418728279	224.7121678
128	9.624527411	-139.4918268
133	131.3486791	82.87476535
134	-112.6136937	29.8220206
190	-160.9490989	160.5636922
191	167.9529852	-158.5275207
192	-35.30485356	-184.6227153
193	-42.22278969	311.0882008
194	109.708805	-19.53025064
195	-101.0018771	-127.639968
250	79.62975833	-67.48886181
253	82.14333828	-57.72352847
254	-143.5814499	-81.05405658
255	58.27937469	191.0306253
256	82.24122867	-157.3984542
315	-86.81415934	-56.26613838
378	102.2232567	-38.03842484
449	99.91013525	66.58397445
505	47.79124092	94.68646903
3591	47.79124092	-94.68646903
3647	99.91013525	-66.58397445
3718	102.2232567	38.03842484
3781	-86.81415934	56.26613838
3840	82.24122867	157.3984542
3841	58.27937469	-191.0306253
3842	-143.5814499	81.05405658
3843	82.14333828	57.72352847
3846	79.62975833	67.48886181
3901	-101.0018771	127.639968
3902	109.708805	19.53025064
3903	-42.22278969	-311.0882008
3904	-35.30485356	184.6227153
3905	167.9529852	158.5275207
3906	-160.9490989	-160.5636922
3962	-112.6136937	-29.8220206
3963	131.3486791	-82.87476535
3968	9.624527411	139.4918268
3969	-1.418728279	-224.7121678
3970	-86.72237315	234.2818628
3971	62.76330668	-147.6612932
4026	64.25073309	130.6035219
4027	-91.01402039	72.09430162
4028	-140.3395599	-159.2139876
4029	68.66219076	-166.6424974
4030	264.6962836	-65.96324322
4031	279.0786267	786.6087149
4032	-941.7697437	-478.938402
4033	273.1939336	-242.9364226
4034	392.918308	63.19717867
4035	-13.41104588	135.3264992
4036	-180.4477851	90.32285043
4091	74.29915651	-158.123251
4092	179.1494886	254.3617394
4093	-28.79625906	247.9962277
4094	-216.0249267	-34.57510887
4095	-1197.935434	-668.5743001
