4096
0	0 0
1	0 0
2	0 0
3	0 0
4	0 0
5	0 0
6	0 0
7	0 0
8	0 0
9	0 0
10	0 0
11	0 0
12	0 0
13	0 0
14	0 0
15	0 0
16	0 0
17	0 0
18	0 0
19	0 0
20	0 0
21	0 0
22	0 0
23	0 0
24	0 0
25	0 0
26	0 0
27	0 0
28	0 0
29	0 0
30	0 0
31	0 0
32	0 0
33	0 0
34	0 0
35	0 0
36	0 0
37	0 0
38	0 0
39	0 0
40	0 0
41	0 0
42	0 0
43	0 0
44	0 0
45	0 0
46	0 0
47	0 0
48	0 0
49	0 0
50	0 0
51	0 0
52	0 0
53	0 0
54	0 0
55	0 0
56	0 0
57	0 0
58	0 0
59	0 0
60	0 0
61	0 0
62	0 0
63	0 0
64	0 0
65	0 0
66	0 0
67	0 0
68	0 0
69	0 0
70	0 0
71	0 0
72	0 0
73	0 0
74	0 0
75	0 0
76	0 0
77	0 0
78	0 0
79	0 0
80	0 0
81	0 0
82	0 0
83	0 0
84	0 0
85	0 0
86	0 0
87	0 0
88	0 0
89	0 0
90	0 0
91	0 0
92	0 0
93	0 0
94	0 0
95	0 0
96	0 0
97	0 0
98	0 0
99	0 0
100	0 0
101	0 0
102	0 0
103	0 0
104	0 0
105	0 0
106	0 0
107	0 0
108	0 0
109	0 0
110	0 0
111	0 0
112	0 0
113	0 0
114	0 0
115	0 0
116	0 0
117	0 0
118	0 0
119	0 0
120	0 0
121	0 0
122	0 0
123	0 0
124	0 0
125	0 0
126	0 0
127	0 0
128	0 0
129	0 0
130	0 0
131	0 0
132	0 0
133	0 0
134	0 0
135	0 0
136	0 0
137	0 0
138	0 0
139	0 0
140	0 0
141	0 0
142	0 0
143	0 0
144	0 0
145	0 0
146	0 0
147	0 0
148	0 0
149	0 0
150	0 0
151	0 0
152	0 0
153	0 0
154	0 0
155	0 0
156	0 0
157	0 0
158	0 0
159	0 0
160	0 0
161	0 0
162	0 0
163	0 0
164	0 0
165	0 0
166	0 0
167	0 0
168	0 0
169	0 0
170	0 0
171	0 0
172	0 0
173	0 0
174	0 0
175	0 0
176	0 0
177	0 0
178	0 0
179	0 0
180	0 0
181	0 0
182	0 0
183	0 0
184	0 0
185	0 0
186	0 0
187	0 0
188	0 0
189	0 0
190	0 0
191	0 0
192	0 0
193	0 0
194	0 0
195	0 0
196	0 0
197	0 0
198	0 0
199	0 0
200	0 0
201	0 0
202	0 0
203	0 0
204	0 0
205	0 0
206	0 0
207	0 0
208	0 0
209	0 0
210	0 0
211	0 0
212	0 0
213	0 0
214	0 0
215	0 0
216	0 0
217	0 0
218	0 0
219	0 0
220	0 0
221	0 0
222	0 0
223	0 0
224	0 0
225	0 0
226	0 0
227	0 0
228	0 0
229	0 0
230	0 0
231	0 0
232	0 0
233	0 0
234	0 0
235	0 0
236	0 0
237	0 0
238	0 0
239	0 0
240	0 0
241	0 0
242	0 0
243	0 0
244	0 0
245	0 0
246	0 0
247	0 0
248	0 0
249	0 0
250	0 0
251	0 0
252	0 0
253	0 0
254	0 0
255	0 0
256	0 0
257	0 0
258	0 0
259	0 0
260	0 0
261	0 0
262	0 0
263	0 0
264	0 0
265	0 0
266	0 0
267	0 0
268	0 0
269	0 0
270	0 0
271	0 0
272	0 0
273	0 0
274	0 0
275	0 0
276	0 0
277	0 0
278	0 0
279	0 0
280	0 0
281	0 0
282	0 0
283	0 0
284	0 0
285	0 0
286	0 0
287	0 0
288	0 0
289	0 0
290	0 0
291	0 0
292	0 0
293	0 0
294	0 0
295	0 0
296	0 0
297	0 0
298	0 0
299	0 0
300	0 0
301	0 0
302	0 0
303	0 0
304	0 0
305	0 0
306	0 0
307	0 0
308	0 0
309	0 0
310	0 0
311	0 0
312	0 0
313	0 0
314	0 0
315	0 0
316	0 0
317	0 0
318	0 0
319	0 0
320	0 0
321	0 0
322	0 0
323	0 0
324	0 0
325	0 0
326	0 0
327	0 0
328	0 0
329	0 0
330	0 0
331	0 0
332	0 0
333	0 0
334	0 0
335	0 0
336	0 0
337	0 0
338	0 0
339	0 0
340	0 0
341	0 0
342	0 0
343	0 0
344	0 0
345	0 0
346	0 0
347	0 0
348	0 0
349	0 0
350	0 0
351	0 0
352	0 0
353	0 0
354	0 0
355	0 0
356	0 0
357	0 0
358	0 0
359	0 0
360	0 0
361	0 0
362	0 0
363	0 0
364	0 0
365	0 0
366	0 0
367	0 0
368	0 0
369	0 0
370	0 0
371	0 0
372	0 0
373	0 0
374	0 0
375	0 0
376	0 0
377	0 0
378	0 0
379	0 0
380	0 0
381	0 0
382	0 0
383	0 0
384	0 0
385	0 0
386	0 0
387	0 0
388	0 0
389	0 0
390	0 0
391	0 0
392	0 0
393	0 0
394	0 0
395	0 0
396	0 0
397	0 0
398	0 0
399	0 0
400	0 0
401	0 0
402	0 0
403	0 0
404	0 0
405	0 0
406	0 0
407	0 0
408	0 0
409	0 0
410	0 0
411	0 0
412	0 0
413	0 0
414	0 0
415	0 0
416	0 0
417	0 0
418	0 0
419	0 0
420	0 0
421	0 0
422	0 0
423	0 0
424	0 0
425	0 0
426	0 0
427	0 0
428	0 0
429	0 0
430	0 0
431	0 0
432	0 0
433	0 0
434	0 0
435	0 0
436	0 0
437	0 0
438	0 0
439	0 0
440	0 0
441	0 0
442	0 0
443	0 0
444	0 0
445	0 0
446	0 0
447	0 0
448	0 0
449	0 0
450	0 0
451	0 0
452	0 0
453	0 0
454	0 0
455	0 0
456	0 0
457	0 0
458	0 0
459	0 0
460	0 0
461	0 0
462	0 0
463	0 0
464	0 0
465	0 0
466	0 0
467	0 0
468	0 0
469	0 0
470	0 0
471	0 0
472	0 0
473	0 0
474	0 0
475	0 0
476	0 0
477	0 0
478	0 0
479	0 0
480	0 0
481	0 0
482	0 0
483	0 0
484	0 0
485	0 0
486	0 0
487	0 0
488	0 0
489	0 0
490	0 0
491	0 0
492	0 0
493	0 0
494	0 0
495	0 0
496	0 0
497	0 0
498	0 0
499	0 0
500	0 0
501	0 0
502	0 0
503	0 0
504	0 0
505	0 0
506	0 0
507	0 0
508	0 0
509	0 0
510	0 0
511	0 0
512	0 0
513	0 0
514	0 0
515	0 0
516	0 0
517	0 0
518	0 0
519	0 0
520	0 0
521	0 0
522	0 0
523	0 0
524	0 0
525	0 0
526	0 0
527	0 0
528	0 0
529	0 0
530	0 0
531	0 0
532	0 0
533	0 0
534	0 0
535	0 0
536	0 0
537	0 0
538	0 0
539	0 0
540	0 0
541	0 0
542	0 0
543	0 0
544	0 0
545	0 0
546	0 0
547	0 0
548	0 0
549	0 0
550	0 0
551	0 0
552	0 0
553	0 0
554	0 0
555	0 0
556	0 0
557	0 0
558	0 0
559	0 0
560	0 0
561	0 0
562	0 0
563	0 0
564	0 0
565	0 0
566	0 0
567	0 0
568	0 0
569	0 0
570	0 0
571	0 0
572	0 0
573	0 0
574	0 0
575	0 0
576	0 0
577	0 0
578	0 0
579	0 0
580	0 0
581	0 0
582	0 0
583	0 0
584	0 0
585	0 0
586	0 0
587	0 0
588	0 0
589	0 0
590	0 0
591	0 0
592	0 0
593	0 0
594	0 0
595	0 0
596	0 0
597	0 0
598	0 0
599	0 0
600	0 0
601	0 0
602	0 0
603	0 0
604	0 0
605	0 0
606	0 0
607	0 0
608	0 0
609	0 0
610	0 0
611	0 0
612	0 0
613	0 0
614	0 0
615	0 0
616	0 0
617	0 0
618	0 0
619	0 0
620	0 0
621	0 0
622	0 0
623	0 0
624	0 0
625	0 0
626	0 0
627	0 0
628	0 0
629	0 0
630	0 0
631	0 0
632	0 0
633	0 0
634	0 0
635	0 0
636	0 0
637	0 0
638	0 0
639	0 0
640	0 0
641	0 0
642	0 0
643	0 0
644	0 0
645	0 0
646	0 0
647	0 0
648	0 0
649	0 0
650	0 0
651	0 0
652	0 0
653	0 0
654	0 0
655	0 0
656	0 0
657	0 0
658	0 0
659	0 0
660	0 0
661	0 0
662	0 0
663	0 0
664	0 0
665	0 0
666	0 0
667	0 0
668	0 0
669	0 0
670	0 0
671	0 0
672	0 0
673	0 0
674	0 0
675	0 0
676	0 0
677	0 0
678	0 0
679	0 0
680	0 0
681	0 0
682	0 0
683	0 0
684	0 0
685	0 0
686	0 0
687	0 0
688	0 0
689	0 0
690	0 0
691	0 0
692	0 0
693	0 0
694	0 0
695	0 0
696	0 0
697	0 0
698	0 0
699	0 0
700	0 0
701	0 0
702	0 0
703	0 0
704	0 0
705	0 0
706	0 0
707	0 0
708	0 0
709	0 0
710	0 0
711	0 0
712	0 0
713	0 0
714	0 0
715	0 0
716	0 0
717	0 0
718	0 0
719	0 0
720	0 0
721	0 0
722	0 0
723	0 0
724	0 0
725	0 0
726	0 0
727	0 0
728	0 0
729	0 0
730	0 0
731	0 0
732	0 0
733	0 0
734	0 0
735	0 0
736	0 0
737	0 0
738	0 0
739	0 0
740	0 0
741	0 0
742	0 0
743	0 0
744	0 0
745	0 0
746	0 0
747	0 0
748	0 0
749	0 0
750	0 0
751	0 0
752	0 0
753	0 0
754	0 0
755	0 0
756	0 0
757	0 0
758	0 0
759	0 0
760	0 0
761	0 0
762	0 0
763	0 0
764	0 0
765	0 0
766	0 0
767	0 0
768	0 0
769	0 0
770	0 0
771	0 0
772	0 0
773	0 0
774	0 0
775	0 0
776	0 0
777	0 0
778	0 0
779	0 0
780	0 0
781	0 0
782	0 0
783	0 0
784	0 0
785	0 0
786	0 0
787	0 0
788	0 0
789	0 0
790	0 0
791	0 0
792	0 0
793	0 0
794	0 0
795	0 0
796	0 0
797	0 0
798	0 0
799	0 0
800	0 0
801	0 0
802	0 0
803	0 0
804	0 0
805	0 0
806	0 0
807	0 0
808	0 0
809	0 0
810	0 0
811	0 0
812	0 0
813	0 0
814	0 0
815	0 0
816	0 0
817	0 0
818	0 0
819	0 0
820	0 0
821	0 0
822	0 0
823	0 0
824	0 0
825	0 0
826	0 0
827	0 0
828	0 0
829	0 0
830	0 0
831	0 0
832	0 0
833	0 0
834	0 0
835	0 0
836	0 0
837	0 0
838	0 0
839	0 0
840	0 0
841	0 0
842	0 0
843	0 0
844	0 0
845	0 0
846	0 0
847	0 0
848	0 0
849	0 0
850	0 0
851	0 0
852	0 0
853	0 0
854	0 0
855	0 0
856	0 0
857	0 0
858	0 0
859	46 0
860	46 0
861	46 0
862	46 0
863	46 0
864	46 0
865	46 0
866	46 0
867	46 0
868	46 0
869	0 0
870	0 0
871	0 0
872	0 0
873	0 0
874	0 0
875	0 0
876	0 0
877	0 0
878	0 0
879	46 0
880	46 0
881	46 0
882	46 0
883	46 0
884	46 0
885	46 0
886	46 0
887	46 0
888	0 0
889	0 0
890	0 0
891	0 0
892	0 0
893	0 0
894	0 0
895	0 0
896	0 0
897	0 0
898	0 0
899	0 0
900	0 0
901	0 0
902	0 0
903	0 0
904	0 0
905	0 0
906	0 0
907	0 0
908	0 0
909	0 0
910	0 0
911	0 0
912	0 0
913	0 0
914	0 0
915	0 0
916	0 0
917	0 0
918	0 0
919	0 0
920	0 0
921	0 0
922	0 0
923	46 0
924	46 0
925	46 0
926	46 0
927	46 0
928	46 0
929	46 0
930	46 0
931	46 0
932	46 0
933	0 0
934	0 0
935	0 0
936	0 0
937	0 0
938	0 0
939	0 0
940	0 0
941	0 0
942	0 0
943	46 0
944	46 0
945	46 0
946	46 0
947	46 0
948	46 0
949	46 0
950	46 0
951	46 0
952	0 0
953	0 0
954	0 0
955	0 0
956	0 0
957	0 0
958	0 0
959	0 0
960	0 0
961	0 0
962	0 0
963	0 0
964	0 0
965	0 0
966	0 0
967	0 0
968	0 0
969	0 0
970	0 0
971	0 0
972	0 0
973	0 0
974	0 0
975	0 0
976	0 0
977	0 0
978	0 0
979	0 0
980	0 0
981	0 0
982	0 0
983	0 0
984	0 0
985	0 0
986	0 0
987	46 0
988	46 0
989	46 0
990	46 0
991	46 0
992	46 0
993	46 0
994	46 0
995	46 0
996	46 0
997	0 0
998	0 0
999	0 0
1000	0 0
1001	0 0
1002	0 0
1003	0 0
1004	0 0
1005	0 0
1006	0 0
1007	46 0
1008	46 0
1009	46 0
1010	46 0
1011	46 0
1012	46 0
1013	46 0
1014	46 0
1015	46 0
1016	0 0
1017	0 0
1018	0 0
1019	0 0
1020	0 0
1021	0 0
1022	0 0
1023	0 0
1024	0 0
1025	0 0
1026	0 0
1027	0 0
1028	0 0
1029	0 0
1030	0 0
1031	0 0
1032	0 0
1033	0 0
1034	0 0
1035	0 0
1036	0 0
1037	0 0
1038	0 0
1039	0 0
1040	0 0
1041	0 0
1042	0 0
1043	0 0
1044	0 0
1045	0 0
1046	0 0
1047	0 0
1048	0 0
1049	46 0
1050	46 0
1051	46 0
1052	46 0
1053	46 0
1054	59 0
1055	72 0
1056	72 0
1057	59 0
1058	46 0
1059	46 0
1060	46 0
1061	46 0
1062	46 0
1063	0 0
1064	0 0
1065	0 0
1066	0 0
1067	0 0
1068	46 0
1069	46 0
1070	46 0
1071	46 0
1072	46 0
1073	46 0
1074	70 0
1075	72 0
1076	70 0
1077	46 0
1078	46 0
1079	46 0
1080	0 0
1081	0 0
1082	0 0
1083	0 0
1084	0 0
1085	0 0
1086	0 0
1087	0 0
1088	0 0
1089	0 0
1090	0 0
1091	0 0
1092	0 0
1093	0 0
1094	0 0
1095	0 0
1096	0 0
1097	0 0
1098	0 0
1099	0 0
1100	0 0
1101	0 0
1102	0 0
1103	0 0
1104	0 0
1105	0 0
1106	0 0
1107	0 0
1108	0 0
1109	0 0
1110	0 0
1111	0 0
1112	0 0
1113	46 0
1114	46 0
1115	46 0
1116	46 0
1117	46 0
1118	77 0
1119	106 0
1120	106 0
1121	77 0
1122	46 0
1123	46 0
1124	46 0
1125	46 0
1126	46 0
1127	0 0
1128	0 0
1129	0 0
1130	0 0
1131	0 0
1132	46 0
1133	46 0
1134	46 0
1135	46 0
1136	46 0
1137	45 0
1138	103 0
1139	106 0
1140	101 0
1141	45 0
1142	46 0
1143	46 0
1144	0 0
1145	0 0
1146	0 0
1147	0 0
1148	0 0
1149	0 0
1150	0 0
1151	0 0
1152	0 0
1153	0 0
1154	0 0
1155	0 0
1156	0 0
1157	0 0
1158	0 0
1159	0 0
1160	0 0
1161	0 0
1162	0 0
1163	0 0
1164	0 0
1165	0 0
1166	0 0
1167	0 0
1168	0 0
1169	0 0
1170	0 0
1171	0 0
1172	0 0
1173	0 0
1174	0 0
1175	0 0
1176	0 0
1177	46 0
1178	46 0
1179	46 0
1180	46 0
1181	46 0
1182	77 0
1183	106 0
1184	106 0
1185	77 0
1186	46 0
1187	46 0
1188	46 0
1189	46 0
1190	46 0
1191	0 0
1192	0 0
1193	0 0
1194	0 0
1195	0 0
1196	46 0
1197	46 0
1198	46 0
1199	46 0
1200	46 0
1201	45 0
1202	103 0
1203	106 0
1204	101 0
1205	45 0
1206	46 0
1207	46 0
1208	0 0
1209	0 0
1210	0 0
1211	0 0
1212	0 0
1213	0 0
1214	0 0
1215	0 0
1216	46 0
1217	46 0
1218	46 0
1219	46 0
1220	46 0
1221	46 0
1222	46 0
1223	46 0
1224	46 0
1225	0 0
1226	0 0
1227	0 0
1228	0 0
1229	0 0
1230	0 0
1231	0 0
1232	0 0
1233	0 0
1234	0 0
1235	0 0
1236	0 0
1237	0 0
1238	0 0
1239	0 0
1240	0 0
1241	46 0
1242	46 0
1243	55 0
1244	85 0
1245	84 0
1246	133 0
1247	182 0
1248	182 0
1249	133 0
1250	84 0
1251	85 0
1252	55 0
1253	46 0
1254	46 0
1255	46 0
1256	46 0
1257	46 0
1258	46 0
1259	46 0
1260	46 0
1261	46 0
1262	46 0
1263	75 0
1264	84 0
1265	83 0
1266	177 0
1267	182 0
1268	173 0
1269	42 0
1270	46 0
1271	46 0
1272	0 0
1273	0 0
1274	0 0
1275	0 0
1276	0 0
1277	0 0
1278	0 0
1279	0 0
1280	46 0
1281	46 0
1282	46 0
1283	46 0
1284	46 0
1285	46 0
1286	46 0
1287	46 0
1288	46 0
1289	0 0
1290	0 0
1291	0 0
1292	0 0
1293	0 0
1294	0 0
1295	0 0
1296	0 0
1297	0 0
1298	0 0
1299	0 0
1300	0 0
1301	0 0
1302	0 0
1303	0 0
1304	0 0
1305	46 0
1306	46 0
1307	62 0
1308	106 0
1309	106 0
1310	166 0
1311	226 0
1312	226 0
1313	166 0
1314	106 0
1315	106 0
1316	62 0
1317	46 0
1318	46 0
1319	46 0
1320	46 0
1321	46 0
1322	46 0
1323	46 0
1324	46 0
1325	46 0
1326	46 0
1327	92 0
1328	106 0
1329	104 0
1330	220 0
1331	226 0
1332	214 0
1333	41 0
1334	46 0
1335	46 0
1336	0 0
1337	0 0
1338	0 0
1339	0 0
1340	0 0
1341	0 0
1342	0 0
1343	0 0
1344	46 0
1345	46 0
1346	46 0
1347	46 0
1348	46 0
1349	46 0
1350	46 0
1351	46 0
1352	46 0
1353	0 0
1354	0 0
1355	0 0
1356	0 0
1357	0 0
1358	0 0
1359	0 0
1360	0 0
1361	0 0
1362	0 0
1363	0 0
1364	0 0
1365	0 0
1366	0 0
1367	0 0
1368	0 0
1369	46 0
1370	46 0
1371	62 0
1372	106 0
1373	106 0
1374	166 0
1375	226 0
1376	226 0
1377	166 0
1378	106 0
1379	106 0
1380	62 0
1381	46 0
1382	46 0
1383	46 0
1384	46 0
1385	46 0
1386	46 0
1387	46 0
1388	46 0
1389	46 0
1390	46 0
1391	92 0
1392	106 0
1393	104 0
1394	220 0
1395	226 0
1396	214 0
1397	41 0
1398	46 0
1399	46 0
1400	0 0
1401	0 0
1402	0 0
1403	0 0
1404	0 0
1405	0 0
1406	0 0
1407	0 0
1408	46 0
1409	46 0
1410	107 0
1411	198 0
1412	198 0
1413	157 0
1414	46 0
1415	46 0
1416	46 0
1417	0 0
1418	0 0
1419	0 0
1420	0 0
1421	0 0
1422	0 0
1423	0 0
1424	0 0
1425	0 0
1426	0 0
1427	0 0
1428	0 0
1429	0 0
1430	0 0
1431	0 0
1432	0 0
1433	46 0
1434	46 0
1435	49 0
1436	56 0
1437	56 0
1438	106 0
1439	151 0
1440	151 0
1441	125 0
1442	106 0
1443	106 0
1444	51 0
1445	26 0
1446	31 0
1447	94 0
1448	94 0
1449	83 0
1450	26 0
1451	26 0
1452	69 0
1453	94 0
1454	94 0
1455	71 0
1456	56 0
1457	55 0
1458	146 0
1459	151 0
1460	143 0
1461	43 0
1462	46 0
1463	46 0
1464	46 0
1465	46 0
1466	46 0
1467	0 0
1468	0 0
1469	0 0
1470	0 0
1471	0 0
1472	46 0
1473	46 0
1474	121 0
1475	226 0
1476	226 0
1477	178 0
1478	46 0
1479	46 0
1480	46 0
1481	0 0
1482	0 0
1483	0 0
1484	0 0
1485	0 0
1486	0 0
1487	0 0
1488	0 0
1489	0 0
1490	0 0
1491	0 0
1492	0 0
1493	0 0
1494	0 0
1495	0 0
1496	0 0
1497	46 0
1498	46 0
1499	42 0
1500	10 0
1501	11 0
1502	68 0
1503	106 0
1504	106 0
1505	106 0
1506	106 0
1507	106 0
1508	46 0
1509	11 0
1510	23 0
1511	106 0
1512	106 0
1513	92 0
1514	11 0
1515	11 0
1516	75 0
1517	106 0
1518	106 0
1519	60 0
1520	11 0
1521	8 0
1522	102 0
1523	106 0
1524	101 0
1525	45 0
1526	46 0
1527	46 0
1528	46 0
1529	46 0
1530	46 0
1531	0 0
1532	0 0
1533	0 0
1534	0 0
1535	0 0
1536	46 0
1537	46 0
1538	121 0
1539	226 0
1540	226 0
1541	178 0
1542	46 0
1543	46 0
1544	46 0
1545	0 0
1546	0 0
1547	0 0
1548	0 0
1549	0 0
1550	0 0
1551	0 0
1552	0 0
1553	0 0
1554	0 0
1555	0 0
1556	0 0
1557	0 0
1558	0 0
1559	0 0
1560	0 0
1561	46 0
1562	46 0
1563	42 0
1564	10 0
1565	11 0
1566	68 0
1567	106 0
1568	106 0
1569	106 0
1570	106 0
1571	106 0
1572	46 0
1573	11 0
1574	23 0
1575	106 0
1576	106 0
1577	92 0
1578	11 0
1579	11 0
1580	75 0
1581	106 0
1582	106 0
1583	60 0
1584	11 0
1585	8 0
1586	102 0
1587	106 0
1588	101 0
1589	45 0
1590	46 0
1591	46 0
1592	46 0
1593	46 0
1594	46 0
1595	0 0
1596	0 0
1597	0 0
1598	0 0
1599	0 0
1600	46 0
1601	46 0
1602	70 0
1603	114 0
1604	114 0
1605	93 0
1606	46 0
1607	46 0
1608	46 0
1609	0 0
1610	0 0
1611	0 0
1612	0 0
1613	0 0
1614	0 0
1615	0 0
1616	0 0
1617	0 0
1618	0 0
1619	0 0
1620	0 0
1621	0 0
1622	46 0
1623	46 0
1624	46 0
1625	46 0
1626	46 0
1627	62 0
1628	104 0
1629	104 0
1630	105 0
1631	106 0
1632	106 0
1633	106 0
1634	106 0
1635	106 0
1636	104 0
1637	104 0
1638	104 0
1639	106 0
1640	106 0
1641	92 0
1642	11 0
1643	11 0
1644	75 0
1645	106 0
1646	106 0
1647	105 0
1648	104 0
1649	104 0
1650	106 0
1651	106 0
1652	106 0
1653	104 0
1654	104 0
1655	89 0
1656	46 0
1657	46 0
1658	46 0
1659	46 0
1660	46 0
1661	46 0
1662	0 0
1663	0 0
1664	46 0
1665	46 0
1666	66 0
1667	106 0
1668	106 0
1669	87 0
1670	46 0
1671	46 0
1672	46 0
1673	0 0
1674	0 0
1675	0 0
1676	0 0
1677	0 0
1678	0 0
1679	0 0
1680	0 0
1681	0 0
1682	0 0
1683	0 0
1684	0 0
1685	0 0
1686	46 0
1687	46 0
1688	46 0
1689	46 0
1690	46 0
1691	62 0
1692	106 0
1693	106 0
1694	106 0
1695	106 0
1696	106 0
1697	106 0
1698	106 0
1699	106 0
1700	106 0
1701	106 0
1702	106 0
1703	106 0
1704	106 0
1705	92 0
1706	11 0
1707	11 0
1708	75 0
1709	106 0
1710	106 0
1711	106 0
1712	106 0
1713	106 0
1714	106 0
1715	106 0
1716	106 0
1717	106 0
1718	106 0
1719	91 0
1720	46 0
1721	46 0
1722	46 0
1723	46 0
1724	46 0
1725	46 0
1726	0 0
1727	0 0
1728	46 0
1729	46 0
1730	63 0
1731	97 0
1732	97 0
1733	80 0
1734	46 0
1735	46 0
1736	46 0
1737	46 0
1738	46 0
1739	46 0
1740	0 0
1741	0 0
1742	0 0
1743	0 0
1744	0 0
1745	0 0
1746	0 0
1747	0 0
1748	0 0
1749	0 0
1750	46 0
1751	46 0
1752	46 0
1753	42 0
1754	42 0
1755	57 0
1756	97 0
1757	97 0
1758	101 0
1759	106 0
1760	106 0
1761	111 0
1762	113 0
1763	113 0
1764	107 0
1765	106 0
1766	106 0
1767	106 0
1768	106 0
1769	95 0
1770	46 0
1771	46 0
1772	81 0
1773	106 0
1774	106 0
1775	111 0
1776	113 0
1777	113 0
1778	106 0
1779	106 0
1780	105 0
1781	97 0
1782	97 0
1783	84 0
1784	46 0
1785	46 0
1786	46 0
1787	46 0
1788	46 0
1789	46 0
1790	0 0
1791	0 0
1792	46 0
1793	46 0
1794	41 0
1795	9 0
1796	9 0
1797	31 0
1798	46 0
1799	46 0
1800	46 0
1801	46 0
1802	46 0
1803	46 0
1804	0 0
1805	0 0
1806	0 0
1807	0 0
1808	0 0
1809	0 0
1810	0 0
1811	0 0
1812	0 0
1813	0 0
1814	46 0
1815	46 0
1816	46 0
1817	13 0
1818	10 0
1819	10 0
1820	9 0
1821	9 0
1822	67 0
1823	106 0
1824	106 0
1825	128 0
1826	133 0
1827	133 0
1828	113 0
1829	106 0
1830	106 0
1831	106 0
1832	106 0
1833	106 0
1834	106 0
1835	106 0
1836	106 0
1837	106 0
1838	106 0
1839	130 0
1840	133 0
1841	133 0
1842	110 0
1843	106 0
1844	100 0
1845	7 0
1846	9 0
1847	28 0
1848	46 0
1849	46 0
1850	46 0
1851	0 0
1852	0 0
1853	0 0
1854	0 0
1855	0 0
1856	46 0
1857	46 0
1858	41 0
1859	11 0
1860	11 0
1861	32 0
1862	46 0
1863	46 0
1864	46 0
1865	46 0
1866	46 0
1867	46 0
1868	0 0
1869	0 0
1870	0 0
1871	0 0
1872	0 0
1873	0 0
1874	0 0
1875	0 0
1876	0 0
1877	0 0
1878	46 0
1879	46 0
1880	46 0
1881	13 0
1882	11 0
1883	11 0
1884	11 0
1885	11 0
1886	68 0
1887	106 0
1888	106 0
1889	128 0
1890	133 0
1891	133 0
1892	113 0
1893	106 0
1894	106 0
1895	106 0
1896	106 0
1897	106 0
1898	106 0
1899	106 0
1900	106 0
1901	106 0
1902	106 0
1903	130 0
1904	133 0
1905	133 0
1906	110 0
1907	106 0
1908	100 0
1909	8 0
1910	11 0
1911	29 0
1912	46 0
1913	46 0
1914	46 0
1915	0 0
1916	0 0
1917	0 0
1918	0 0
1919	0 0
1920	46 0
1921	46 0
1922	43 0
1923	30 0
1924	30 0
1925	56 0
1926	77 0
1927	77 0
1928	60 0
1929	46 0
1930	46 0
1931	46 0
1932	46 0
1933	46 0
1934	46 0
1935	46 0
1936	46 0
1937	46 0
1938	46 0
1939	46 0
1940	46 0
1941	46 0
1942	46 0
1943	46 0
1944	46 0
1945	67 0
1946	68 0
1947	68 0
1948	68 0
1949	68 0
1950	85 0
1951	106 0
1952	106 0
1953	121 0
1954	128 0
1955	128 0
1956	111 0
1957	106 0
1958	106 0
1959	106 0
1960	106 0
1961	106 0
1962	106 0
1963	106 0
1964	106 0
1965	106 0
1966	106 0
1967	122 0
1968	128 0
1969	128 0
1970	108 0
1971	106 0
1972	102 0
1973	67 0
1974	68 0
1975	62 0
1976	46 0
1977	46 0
1978	46 0
1979	46 0
1980	46 0
1981	46 0
1982	0 0
1983	0 0
1984	46 0
1985	46 0
1986	46 0
1987	46 0
1988	46 0
1989	79 0
1990	106 0
1991	106 0
1992	74 0
1993	46 0
1994	46 0
1995	46 0
1996	46 0
1997	46 0
1998	46 0
1999	46 0
2000	46 0
2001	46 0
2002	46 0
2003	46 0
2004	46 0
2005	46 0
2006	46 0
2007	46 0
2008	46 0
2009	104 0
2010	106 0
2011	106 0
2012	106 0
2013	106 0
2014	106 0
2015	106 0
2016	106 0
2017	106 0
2018	106 0
2019	106 0
2020	106 0
2021	106 0
2022	106 0
2023	106 0
2024	106 0
2025	106 0
2026	106 0
2027	106 0
2028	106 0
2029	106 0
2030	106 0
2031	106 0
2032	106 0
2033	106 0
2034	106 0
2035	106 0
2036	106 0
2037	106 0
2038	106 0
2039	91 0
2040	46 0
2041	46 0
2042	46 0
2043	46 0
2044	46 0
2045	46 0
2046	0 0
2047	0 0
2048	46 0
2049	46 0
2050	46 0
2051	46 0
2052	46 0
2053	79 0
2054	106 0
2055	106 0
2056	74 0
2057	46 0
2058	46 0
2059	46 0
2060	46 0
2061	46 0
2062	46 0
2063	46 0
2064	46 0
2065	46 0
2066	46 0
2067	46 0
2068	46 0
2069	46 0
2070	46 0
2071	46 0
2072	46 0
2073	104 0
2074	106 0
2075	106 0
2076	106 0
2077	106 0
2078	106 0
2079	106 0
2080	106 0
2081	106 0
2082	106 0
2083	106 0
2084	106 0
2085	106 0
2086	106 0
2087	106 0
2088	106 0
2089	106 0
2090	106 0
2091	106 0
2092	106 0
2093	106 0
2094	106 0
2095	106 0
2096	106 0
2097	106 0
2098	106 0
2099	106 0
2100	106 0
2101	106 0
2102	106 0
2103	91 0
2104	46 0
2105	46 0
2106	46 0
2107	46 0
2108	46 0
2109	46 0
2110	0 0
2111	0 0
2112	46 0
2113	46 0
2114	46 0
2115	46 0
2116	46 0
2117	62 0
2118	77 0
2119	77 0
2120	52 0
2121	30 0
2122	29 0
2123	84 0
2124	89 0
2125	86 0
2126	29 0
2127	30 0
2128	57 0
2129	89 0
2130	89 0
2131	66 0
2132	30 0
2133	30 0
2134	78 0
2135	89 0
2136	89 0
2137	68 0
2138	68 0
2139	68 0
2140	68 0
2141	68 0
2142	85 0
2143	106 0
2144	106 0
2145	106 0
2146	106 0
2147	105 0
2148	181 0
2149	192 0
2150	191 0
2151	152 0
2152	152 0
2153	165 0
2154	192 0
2155	192 0
2156	158 0
2157	106 0
2158	106 0
2159	106 0
2160	106 0
2161	106 0
2162	106 0
2163	106 0
2164	104 0
2165	92 0
2166	92 0
2167	80 0
2168	46 0
2169	46 0
2170	46 0
2171	46 0
2172	46 0
2173	46 0
2174	0 0
2175	0 0
2176	0 0
2177	0 0
2178	46 0
2179	46 0
2180	46 0
2181	46 0
2182	46 0
2183	46 0
2184	29 0
2185	11 0
2186	8 0
2187	100 0
2188	106 0
2189	102 0
2190	8 0
2191	11 0
2192	60 0
2193	106 0
2194	106 0
2195	75 0
2196	11 0
2197	11 0
2198	92 0
2199	106 0
2200	106 0
2201	23 0
2202	11 0
2203	11 0
2204	11 0
2205	11 0
2206	68 0
2207	106 0
2208	106 0
2209	106 0
2210	106 0
2211	105 0
2212	212 0
2213	226 0
2214	224 0
2215	172 0
2216	172 0
2217	190 0
2218	226 0
2219	226 0
2220	182 0
2221	106 0
2222	106 0
2223	106 0
2224	106 0
2225	106 0
2226	106 0
2227	106 0
2228	103 0
2229	82 0
2230	82 0
2231	73 0
2232	46 0
2233	46 0
2234	46 0
2235	0 0
2236	0 0
2237	0 0
2238	0 0
2239	0 0
2240	0 0
2241	0 0
2242	46 0
2243	46 0
2244	46 0
2245	46 0
2246	46 0
2247	46 0
2248	29 0
2249	10 0
2250	8 0
2251	100 0
2252	106 0
2253	102 0
2254	8 0
2255	10 0
2256	60 0
2257	106 0
2258	106 0
2259	75 0
2260	11 0
2261	11 0
2262	92 0
2263	106 0
2264	106 0
2265	22 0
2266	9 0
2267	9 0
2268	9 0
2269	9 0
2270	67 0
2271	106 0
2272	106 0
2273	106 0
2274	106 0
2275	105 0
2276	212 0
2277	226 0
2278	225 0
2279	171 0
2280	171 0
2281	190 0
2282	226 0
2283	226 0
2284	183 0
2285	106 0
2286	106 0
2287	106 0
2288	106 0
2289	106 0
2290	106 0
2291	106 0
2292	103 0
2293	82 0
2294	82 0
2295	73 0
2296	46 0
2297	46 0
2298	46 0
2299	0 0
2300	0 0
2301	0 0
2302	0 0
2303	0 0
2304	0 0
2305	0 0
2306	46 0
2307	46 0
2308	46 0
2309	46 0
2310	46 0
2311	46 0
2312	44 0
2313	42 0
2314	42 0
2315	61 0
2316	62 0
2317	61 0
2318	42 0
2319	42 0
2320	70 0
2321	106 0
2322	106 0
2323	75 0
2324	11 0
2325	11 0
2326	92 0
2327	106 0
2328	106 0
2329	98 0
2330	97 0
2331	97 0
2332	97 0
2333	97 0
2334	101 0
2335	106 0
2336	106 0
2337	106 0
2338	106 0
2339	106 0
2340	132 0
2341	137 0
2342	141 0
2343	219 0
2344	219 0
2345	202 0
2346	137 0
2347	137 0
2348	123 0
2349	106 0
2350	106 0
2351	106 0
2352	106 0
2353	106 0
2354	106 0
2355	106 0
2356	100 0
2357	34 0
2358	35 0
2359	40 0
2360	46 0
2361	46 0
2362	46 0
2363	46 0
2364	46 0
2365	46 0
2366	0 0
2367	0 0
2368	0 0
2369	0 0
2370	0 0
2371	0 0
2372	0 0
2373	46 0
2374	46 0
2375	46 0
2376	46 0
2377	46 0
2378	46 0
2379	46 0
2380	46 0
2381	46 0
2382	46 0
2383	46 0
2384	72 0
2385	106 0
2386	106 0
2387	75 0
2388	11 0
2389	11 0
2390	92 0
2391	106 0
2392	106 0
2393	106 0
2394	106 0
2395	106 0
2396	106 0
2397	106 0
2398	106 0
2399	106 0
2400	106 0
2401	106 0
2402	106 0
2403	106 0
2404	106 0
2405	106 0
2406	114 0
2407	226 0
2408	226 0
2409	203 0
2410	106 0
2411	106 0
2412	106 0
2413	106 0
2414	106 0
2415	106 0
2416	106 0
2417	106 0
2418	106 0
2419	106 0
2420	100 0
2421	8 0
2422	11 0
2423	29 0
2424	46 0
2425	46 0
2426	46 0
2427	46 0
2428	46 0
2429	46 0
2430	0 0
2431	0 0
2432	0 0
2433	0 0
2434	0 0
2435	0 0
2436	0 0
2437	46 0
2438	46 0
2439	46 0
2440	46 0
2441	46 0
2442	46 0
2443	46 0
2444	46 0
2445	46 0
2446	46 0
2447	46 0
2448	72 0
2449	106 0
2450	106 0
2451	77 0
2452	23 0
2453	23 0
2454	93 0
2455	106 0
2456	106 0
2457	106 0
2458	106 0
2459	106 0
2460	105 0
2461	105 0
2462	106 0
2463	106 0
2464	106 0
2465	106 0
2466	106 0
2467	106 0
2468	106 0
2469	106 0
2470	113 0
2471	223 0
2472	223 0
2473	201 0
2474	106 0
2475	106 0
2476	106 0
2477	106 0
2478	106 0
2479	106 0
2480	106 0
2481	106 0
2482	106 0
2483	106 0
2484	100 0
2485	11 0
2486	13 0
2487	30 0
2488	46 0
2489	46 0
2490	46 0
2491	46 0
2492	46 0
2493	46 0
2494	0 0
2495	0 0
2496	0 0
2497	0 0
2498	0 0
2499	0 0
2500	0 0
2501	0 0
2502	0 0
2503	0 0
2504	0 0
2505	0 0
2506	0 0
2507	0 0
2508	0 0
2509	46 0
2510	46 0
2511	46 0
2512	72 0
2513	106 0
2514	106 0
2515	106 0
2516	106 0
2517	106 0
2518	106 0
2519	106 0
2520	106 0
2521	106 0
2522	106 0
2523	102 0
2524	82 0
2525	82 0
2526	92 0
2527	106 0
2528	106 0
2529	106 0
2530	106 0
2531	106 0
2532	106 0
2533	106 0
2534	106 0
2535	106 0
2536	106 0
2537	106 0
2538	106 0
2539	106 0
2540	106 0
2541	106 0
2542	106 0
2543	106 0
2544	106 0
2545	106 0
2546	106 0
2547	106 0
2548	101 0
2549	45 0
2550	46 0
2551	46 0
2552	46 0
2553	46 0
2554	46 0
2555	0 0
2556	0 0
2557	0 0
2558	0 0
2559	0 0
2560	0 0
2561	0 0
2562	0 0
2563	0 0
2564	0 0
2565	0 0
2566	0 0
2567	0 0
2568	0 0
2569	0 0
2570	0 0
2571	0 0
2572	0 0
2573	46 0
2574	46 0
2575	46 0
2576	72 0
2577	106 0
2578	106 0
2579	106 0
2580	106 0
2581	106 0
2582	106 0
2583	106 0
2584	106 0
2585	106 0
2586	106 0
2587	102 0
2588	82 0
2589	82 0
2590	92 0
2591	106 0
2592	106 0
2593	106 0
2594	106 0
2595	106 0
2596	106 0
2597	106 0
2598	106 0
2599	106 0
2600	106 0
2601	106 0
2602	106 0
2603	106 0
2604	106 0
2605	106 0
2606	106 0
2607	106 0
2608	106 0
2609	106 0
2610	106 0
2611	106 0
2612	101 0
2613	45 0
2614	46 0
2615	46 0
2616	46 0
2617	46 0
2618	46 0
2619	0 0
2620	0 0
2621	0 0
2622	0 0
2623	0 0
2624	0 0
2625	0 0
2626	0 0
2627	0 0
2628	0 0
2629	0 0
2630	0 0
2631	0 0
2632	0 0
2633	0 0
2634	0 0
2635	0 0
2636	0 0
2637	46 0
2638	46 0
2639	46 0
2640	72 0
2641	106 0
2642	106 0
2643	106 0
2644	106 0
2645	106 0
2646	106 0
2647	106 0
2648	106 0
2649	106 0
2650	106 0
2651	103 0
2652	89 0
2653	89 0
2654	96 0
2655	106 0
2656	106 0
2657	106 0
2658	106 0
2659	106 0
2660	106 0
2661	106 0
2662	106 0
2663	106 0
2664	106 0
2665	106 0
2666	106 0
2667	106 0
2668	106 0
2669	106 0
2670	106 0
2671	106 0
2672	106 0
2673	106 0
2674	95 0
2675	94 0
2676	91 0
2677	45 0
2678	46 0
2679	46 0
2680	46 0
2681	46 0
2682	46 0
2683	0 0
2684	0 0
2685	0 0
2686	0 0
2687	0 0
2688	0 0
2689	0 0
2690	0 0
2691	0 0
2692	0 0
2693	0 0
2694	0 0
2695	0 0
2696	0 0
2697	0 0
2698	0 0
2699	0 0
2700	0 0
2701	46 0
2702	46 0
2703	46 0
2704	72 0
2705	106 0
2706	106 0
2707	106 0
2708	106 0
2709	106 0
2710	106 0
2711	106 0
2712	106 0
2713	106 0
2714	106 0
2715	106 0
2716	106 0
2717	106 0
2718	106 0
2719	106 0
2720	106 0
2721	106 0
2722	106 0
2723	106 0
2724	106 0
2725	106 0
2726	106 0
2727	106 0
2728	106 0
2729	106 0
2730	106 0
2731	106 0
2732	106 0
2733	106 0
2734	106 0
2735	106 0
2736	106 0
2737	106 0
2738	55 0
2739	46 0
2740	46 0
2741	46 0
2742	46 0
2743	46 0
2744	0 0
2745	0 0
2746	0 0
2747	0 0
2748	0 0
2749	0 0
2750	0 0
2751	0 0
2752	0 0
2753	0 0
2754	0 0
2755	0 0
2756	0 0
2757	0 0
2758	0 0
2759	0 0
2760	0 0
2761	0 0
2762	0 0
2763	0 0
2764	0 0
2765	46 0
2766	46 0
2767	46 0
2768	72 0
2769	106 0
2770	106 0
2771	106 0
2772	106 0
2773	106 0
2774	106 0
2775	106 0
2776	106 0
2777	106 0
2778	106 0
2779	106 0
2780	106 0
2781	106 0
2782	106 0
2783	106 0
2784	106 0
2785	106 0
2786	106 0
2787	106 0
2788	106 0
2789	106 0
2790	106 0
2791	106 0
2792	106 0
2793	106 0
2794	106 0
2795	106 0
2796	106 0
2797	106 0
2798	106 0
2799	106 0
2800	106 0
2801	106 0
2802	55 0
2803	46 0
2804	46 0
2805	46 0
2806	46 0
2807	46 0
2808	0 0
2809	0 0
2810	0 0
2811	0 0
2812	0 0
2813	0 0
2814	0 0
2815	0 0
2816	0 0
2817	0 0
2818	0 0
2819	0 0
2820	0 0
2821	0 0
2822	0 0
2823	0 0
2824	0 0
2825	0 0
2826	0 0
2827	0 0
2828	0 0
2829	46 0
2830	46 0
2831	46 0
2832	62 0
2833	84 0
2834	84 0
2835	96 0
2836	106 0
2837	106 0
2838	106 0
2839	106 0
2840	106 0
2841	106 0
2842	106 0
2843	106 0
2844	106 0
2845	106 0
2846	106 0
2847	106 0
2848	106 0
2849	106 0
2850	106 0
2851	106 0
2852	167 0
2853	177 0
2854	177 0
2855	177 0
2856	177 0
2857	162 0
2858	106 0
2859	106 0
2860	145 0
2861	177 0
2862	177 0
2863	133 0
2864	106 0
2865	106 0
2866	55 0
2867	46 0
2868	46 0
2869	46 0
2870	46 0
2871	46 0
2872	0 0
2873	0 0
2874	0 0
2875	0 0
2876	0 0
2877	0 0
2878	0 0
2879	0 0
2880	0 0
2881	0 0
2882	0 0
2883	0 0
2884	0 0
2885	0 0
2886	0 0
2887	0 0
2888	0 0
2889	0 0
2890	0 0
2891	0 0
2892	0 0
2893	46 0
2894	46 0
2895	46 0
2896	46 0
2897	46 0
2898	46 0
2899	84 0
2900	106 0
2901	106 0
2902	106 0
2903	106 0
2904	106 0
2905	106 0
2906	106 0
2907	106 0
2908	106 0
2909	106 0
2910	106 0
2911	106 0
2912	106 0
2913	106 0
2914	106 0
2915	105 0
2916	212 0
2917	226 0
2918	226 0
2919	226 0
2920	226 0
2921	203 0
2922	106 0
2923	106 0
2924	177 0
2925	226 0
2926	226 0
2927	156 0
2928	106 0
2929	106 0
2930	55 0
2931	46 0
2932	46 0
2933	0 0
2934	0 0
2935	0 0
2936	0 0
2937	0 0
2938	0 0
2939	0 0
2940	0 0
2941	0 0
2942	0 0
2943	0 0
2944	0 0
2945	0 0
2946	0 0
2947	0 0
2948	0 0
2949	0 0
2950	0 0
2951	0 0
2952	0 0
2953	0 0
2954	0 0
2955	0 0
2956	0 0
2957	46 0
2958	46 0
2959	46 0
2960	46 0
2961	46 0
2962	46 0
2963	84 0
2964	106 0
2965	106 0
2966	106 0
2967	106 0
2968	106 0
2969	106 0
2970	106 0
2971	106 0
2972	106 0
2973	106 0
2974	106 0
2975	106 0
2976	106 0
2977	106 0
2978	106 0
2979	105 0
2980	212 0
2981	226 0
2982	226 0
2983	226 0
2984	226 0
2985	203 0
2986	106 0
2987	106 0
2988	177 0
2989	226 0
2990	226 0
2991	156 0
2992	106 0
2993	106 0
2994	55 0
2995	46 0
2996	46 0
2997	0 0
2998	0 0
2999	0 0
3000	0 0
3001	0 0
3002	0 0
3003	0 0
3004	0 0
3005	0 0
3006	0 0
3007	0 0
3008	0 0
3009	0 0
3010	0 0
3011	0 0
3012	0 0
3013	0 0
3014	0 0
3015	0 0
3016	0 0
3017	0 0
3018	0 0
3019	0 0
3020	0 0
3021	46 0
3022	46 0
3023	46 0
3024	46 0
3025	46 0
3026	46 0
3027	84 0
3028	106 0
3029	106 0
3030	106 0
3031	106 0
3032	106 0
3033	197 0
3034	199 0
3035	199 0
3036	199 0
3037	199 0
3038	199 0
3039	199 0
3040	199 0
3041	151 0
3042	106 0
3043	105 0
3044	212 0
3045	226 0
3046	226 0
3047	226 0
3048	226 0
3049	203 0
3050	106 0
3051	106 0
3052	133 0
3053	156 0
3054	156 0
3055	124 0
3056	106 0
3057	106 0
3058	55 0
3059	46 0
3060	46 0
3061	0 0
3062	0 0
3063	0 0
3064	0 0
3065	0 0
3066	0 0
3067	0 0
3068	0 0
3069	0 0
3070	0 0
3071	0 0
3072	0 0
3073	0 0
3074	0 0
3075	0 0
3076	0 0
3077	0 0
3078	0 0
3079	0 0
3080	0 0
3081	0 0
3082	0 0
3083	0 0
3084	0 0
3085	0 0
3086	0 0
3087	0 0
3088	46 0
3089	46 0
3090	46 0
3091	84 0
3092	106 0
3093	106 0
3094	106 0
3095	106 0
3096	106 0
3097	223 0
3098	226 0
3099	226 0
3100	226 0
3101	226 0
3102	226 0
3103	226 0
3104	226 0
3105	166 0
3106	106 0
3107	105 0
3108	212 0
3109	226 0
3110	226 0
3111	226 0
3112	226 0
3113	203 0
3114	106 0
3115	106 0
3116	106 0
3117	106 0
3118	106 0
3119	106 0
3120	106 0
3121	106 0
3122	55 0
3123	46 0
3124	46 0
3125	0 0
3126	0 0
3127	0 0
3128	0 0
3129	0 0
3130	0 0
3131	0 0
3132	0 0
3133	0 0
3134	0 0
3135	0 0
3136	0 0
3137	0 0
3138	0 0
3139	0 0
3140	0 0
3141	0 0
3142	0 0
3143	0 0
3144	0 0
3145	0 0
3146	0 0
3147	0 0
3148	0 0
3149	0 0
3150	0 0
3151	0 0
3152	46 0
3153	46 0
3154	46 0
3155	83 0
3156	104 0
3157	104 0
3158	106 0
3159	106 0
3160	106 0
3161	223 0
3162	227 0
3163	226 0
3164	226 0
3165	226 0
3166	226 0
3167	227 0
3168	227 0
3169	166 0
3170	104 0
3171	103 0
3172	212 0
3173	227 0
3174	227 0
3175	227 0
3176	227 0
3177	203 0
3178	104 0
3179	104 0
3180	105 0
3181	106 0
3182	106 0
3183	106 0
3184	106 0
3185	106 0
3186	55 0
3187	46 0
3188	46 0
3189	0 0
3190	0 0
3191	0 0
3192	0 0
3193	0 0
3194	0 0
3195	0 0
3196	0 0
3197	0 0
3198	0 0
3199	0 0
3200	0 0
3201	0 0
3202	0 0
3203	0 0
3204	0 0
3205	0 0
3206	0 0
3207	0 0
3208	0 0
3209	0 0
3210	0 0
3211	0 0
3212	0 0
3213	0 0
3214	0 0
3215	0 0
3216	46 0
3217	46 0
3218	46 0
3219	167 0
3220	220 0
3221	220 0
3222	148 0
3223	106 0
3224	106 0
3225	120 0
3226	121 0
3227	146 0
3228	226 0
3229	226 0
3230	195 0
3231	121 0
3232	121 0
3233	190 0
3234	220 0
3235	220 0
3236	145 0
3237	121 0
3238	121 0
3239	121 0
3240	121 0
3241	156 0
3242	220 0
3243	220 0
3244	178 0
3245	106 0
3246	106 0
3247	75 0
3248	55 0
3249	55 0
3250	47 0
3251	46 0
3252	46 0
3253	0 0
3254	0 0
3255	0 0
3256	0 0
3257	0 0
3258	0 0
3259	0 0
3260	0 0
3261	0 0
3262	0 0
3263	0 0
3264	0 0
3265	0 0
3266	0 0
3267	0 0
3268	0 0
3269	0 0
3270	0 0
3271	0 0
3272	0 0
3273	0 0
3274	0 0
3275	0 0
3276	0 0
3277	0 0
3278	0 0
3279	0 0
3280	46 0
3281	46 0
3282	46 0
3283	172 0
3284	226 0
3285	226 0
3286	151 0
3287	106 0
3288	106 0
3289	106 0
3290	106 0
3291	137 0
3292	226 0
3293	226 0
3294	192 0
3295	106 0
3296	106 0
3297	192 0
3298	226 0
3299	226 0
3300	137 0
3301	106 0
3302	106 0
3303	106 0
3304	106 0
3305	151 0
3306	226 0
3307	226 0
3308	182 0
3309	106 0
3310	106 0
3311	72 0
3312	46 0
3313	46 0
3314	46 0
3315	46 0
3316	46 0
3317	0 0
3318	0 0
3319	0 0
3320	0 0
3321	0 0
3322	0 0
3323	0 0
3324	0 0
3325	0 0
3326	0 0
3327	0 0
3328	0 0
3329	0 0
3330	0 0
3331	0 0
3332	0 0
3333	0 0
3334	0 0
3335	0 0
3336	0 0
3337	0 0
3338	0 0
3339	0 0
3340	0 0
3341	0 0
3342	0 0
3343	0 0
3344	46 0
3345	46 0
3346	46 0
3347	163 0
3348	214 0
3349	214 0
3350	143 0
3351	101 0
3352	101 0
3353	100 0
3354	100 0
3355	129 0
3356	214 0
3357	214 0
3358	182 0
3359	101 0
3360	101 0
3361	182 0
3362	214 0
3363	214 0
3364	130 0
3365	101 0
3366	101 0
3367	101 0
3368	101 0
3369	143 0
3370	214 0
3371	214 0
3372	173 0
3373	101 0
3374	101 0
3375	70 0
3376	46 0
3377	46 0
3378	46 0
3379	46 0
3380	46 0
3381	0 0
3382	0 0
3383	0 0
3384	0 0
3385	0 0
3386	0 0
3387	0 0
3388	0 0
3389	0 0
3390	0 0
3391	0 0
3392	0 0
3393	0 0
3394	0 0
3395	0 0
3396	0 0
3397	0 0
3398	0 0
3399	0 0
3400	0 0
3401	0 0
3402	0 0
3403	0 0
3404	0 0
3405	0 0
3406	0 0
3407	0 0
3408	46 0
3409	46 0
3410	46 0
3411	43 0
3412	41 0
3413	41 0
3414	43 0
3415	45 0
3416	45 0
3417	18 0
3418	16 0
3419	23 0
3420	41 0
3421	41 0
3422	42 0
3423	45 0
3424	45 0
3425	42 0
3426	41 0
3427	41 0
3428	44 0
3429	45 0
3430	45 0
3431	45 0
3432	45 0
3433	43 0
3434	41 0
3435	41 0
3436	42 0
3437	45 0
3438	45 0
3439	46 0
3440	46 0
3441	46 0
3442	46 0
3443	0 0
3444	0 0
3445	0 0
3446	0 0
3447	0 0
3448	0 0
3449	0 0
3450	0 0
3451	0 0
3452	0 0
3453	0 0
3454	0 0
3455	0 0
3456	0 0
3457	0 0
3458	0 0
3459	0 0
3460	0 0
3461	0 0
3462	0 0
3463	0 0
3464	0 0
3465	0 0
3466	0 0
3467	0 0
3468	0 0
3469	0 0
3470	0 0
3471	0 0
3472	46 0
3473	46 0
3474	46 0
3475	46 0
3476	46 0
3477	46 0
3478	46 0
3479	46 0
3480	46 0
3481	20 0
3482	18 0
3483	25 0
3484	46 0
3485	46 0
3486	46 0
3487	46 0
3488	46 0
3489	46 0
3490	46 0
3491	46 0
3492	46 0
3493	46 0
3494	46 0
3495	46 0
3496	46 0
3497	46 0
3498	46 0
3499	46 0
3500	46 0
3501	46 0
3502	46 0
3503	46 0
3504	46 0
3505	46 0
3506	46 0
3507	0 0
3508	0 0
3509	0 0
3510	0 0
3511	0 0
3512	0 0
3513	0 0
3514	0 0
3515	0 0
3516	0 0
3517	0 0
3518	0 0
3519	0 0
3520	0 0
3521	0 0
3522	0 0
3523	0 0
3524	0 0
3525	0 0
3526	0 0
3527	0 0
3528	0 0
3529	0 0
3530	0 0
3531	0 0
3532	0 0
3533	0 0
3534	0 0
3535	0 0
3536	46 0
3537	46 0
3538	46 0
3539	46 0
3540	46 0
3541	46 0
3542	46 0
3543	46 0
3544	46 0
3545	20 0
3546	18 0
3547	25 0
3548	46 0
3549	46 0
3550	46 0
3551	46 0
3552	46 0
3553	46 0
3554	46 0
3555	46 0
3556	46 0
3557	46 0
3558	46 0
3559	46 0
3560	46 0
3561	46 0
3562	46 0
3563	46 0
3564	46 0
3565	46 0
3566	46 0
3567	46 0
3568	46 0
3569	46 0
3570	46 0
3571	0 0
3572	0 0
3573	0 0
3574	0 0
3575	0 0
3576	0 0
3577	0 0
3578	0 0
3579	0 0
3580	0 0
3581	0 0
3582	0 0
3583	0 0
3584	0 0
3585	0 0
3586	0 0
3587	0 0
3588	0 0
3589	0 0
3590	0 0
3591	0 0
3592	0 0
3593	0 0
3594	0 0
3595	0 0
3596	0 0
3597	0 0
3598	0 0
3599	0 0
3600	0 0
3601	0 0
3602	0 0
3603	0 0
3604	0 0
3605	0 0
3606	0 0
3607	0 0
3608	0 0
3609	0 0
3610	0 0
3611	0 0
3612	0 0
3613	0 0
3614	0 0
3615	0 0
3616	0 0
3617	0 0
3618	0 0
3619	0 0
3620	0 0
3621	0 0
3622	0 0
3623	0 0
3624	0 0
3625	0 0
3626	0 0
3627	0 0
3628	0 0
3629	0 0
3630	0 0
3631	0 0
3632	0 0
3633	0 0
3634	0 0
3635	0 0
3636	0 0
3637	0 0
3638	0 0
3639	0 0
3640	0 0
3641	0 0
3642	0 0
3643	0 0
3644	0 0
3645	0 0
3646	0 0
3647	0 0
3648	0 0
3649	0 0
3650	0 0
3651	0 0
3652	0 0
3653	0 0
3654	0 0
3655	0 0
3656	0 0
3657	0 0
3658	0 0
3659	0 0
3660	0 0
3661	0 0
3662	0 0
3663	0 0
3664	0 0
3665	0 0
3666	0 0
3667	0 0
3668	0 0
3669	0 0
3670	0 0
3671	0 0
3672	0 0
3673	0 0
3674	0 0
3675	0 0
3676	0 0
3677	0 0
3678	0 0
3679	0 0
3680	0 0
3681	0 0
3682	0 0
3683	0 0
3684	0 0
3685	0 0
3686	0 0
3687	0 0
3688	0 0
3689	0 0
3690	0 0
3691	0 0
3692	0 0
3693	0 0
3694	0 0
3695	0 0
3696	0 0
3697	0 0
3698	0 0
3699	0 0
3700	0 0
3701	0 0
3702	0 0
3703	0 0
3704	0 0
3705	0 0
3706	0 0
3707	0 0
3708	0 0
3709	0 0
3710	0 0
3711	0 0
3712	0 0
3713	0 0
3714	0 0
3715	0 0
3716	0 0
3717	0 0
3718	0 0
3719	0 0
3720	0 0
3721	0 0
3722	0 0
3723	0 0
3724	0 0
3725	0 0
3726	0 0
3727	0 0
3728	0 0
3729	0 0
3730	0 0
3731	0 0
3732	0 0
3733	0 0
3734	0 0
3735	0 0
3736	0 0
3737	0 0
3738	0 0
3739	0 0
3740	0 0
3741	0 0
3742	0 0
3743	0 0
3744	0 0
3745	0 0
3746	0 0
3747	0 0
3748	0 0
3749	0 0
3750	0 0
3751	0 0
3752	0 0
3753	0 0
3754	0 0
3755	0 0
3756	0 0
3757	0 0
3758	0 0
3759	0 0
3760	0 0
3761	0 0
3762	0 0
3763	0 0
3764	0 0
3765	0 0
3766	0 0
3767	0 0
3768	0 0
3769	0 0
3770	0 0
3771	0 0
3772	0 0
3773	0 0
3774	0 0
3775	0 0
3776	0 0
3777	0 0
3778	0 0
3779	0 0
3780	0 0
3781	0 0
3782	0 0
3783	0 0
3784	0 0
3785	0 0
3786	0 0
3787	0 0
3788	0 0
3789	0 0
3790	0 0
3791	0 0
3792	0 0
3793	0 0
3794	0 0
3795	0 0
3796	0 0
3797	0 0
3798	0 0
3799	0 0
3800	0 0
3801	0 0
3802	0 0
3803	0 0
3804	0 0
3805	0 0
3806	0 0
3807	0 0
3808	0 0
3809	0 0
3810	0 0
3811	0 0
3812	0 0
3813	0 0
3814	0 0
3815	0 0
3816	0 0
3817	0 0
3818	0 0
3819	0 0
3820	0 0
3821	0 0
3822	0 0
3823	0 0
3824	0 0
3825	0 0
3826	0 0
3827	0 0
3828	0 0
3829	0 0
3830	0 0
3831	0 0
3832	0 0
3833	0 0
3834	0 0
3835	0 0
3836	0 0
3837	0 0
3838	0 0
3839	0 0
3840	0 0
3841	0 0
3842	0 0
3843	0 0
3844	0 0
3845	0 0
3846	0 0
3847	0 0
3848	0 0
3849	0 0
3850	0 0
3851	0 0
3852	0 0
3853	0 0
3854	0 0
3855	0 0
3856	0 0
3857	0 0
3858	0 0
3859	0 0
3860	0 0
3861	0 0
3862	0 0
3863	0 0
3864	0 0
3865	0 0
3866	0 0
3867	0 0
3868	0 0
3869	0 0
3870	0 0
3871	0 0
3872	0 0
3873	0 0
3874	0 0
3875	0 0
3876	0 0
3877	0 0
3878	0 0
3879	0 0
3880	0 0
3881	0 0
3882	0 0
3883	0 0
3884	0 0
3885	0 0
3886	0 0
3887	0 0
3888	0 0
3889	0 0
3890	0 0
3891	0 0
3892	0 0
3893	0 0
3894	0 0
3895	0 0
3896	0 0
3897	0 0
3898	0 0
3899	0 0
3900	0 0
3901	0 0
3902	0 0
3903	0 0
3904	0 0
3905	0 0
3906	0 0
3907	0 0
3908	0 0
3909	0 0
3910	0 0
3911	0 0
3912	0 0
3913	0 0
3914	0 0
3915	0 0
3916	0 0
3917	0 0
3918	0 0
3919	0 0
3920	0 0
3921	0 0
3922	0 0
3923	0 0
3924	0 0
3925	0 0
3926	0 0
3927	0 0
3928	0 0
3929	0 0
3930	0 0
3931	0 0
3932	0 0
3933	0 0
3934	0 0
3935	0 0
3936	0 0
3937	0 0
3938	0 0
3939	0 0
3940	0 0
3941	0 0
3942	0 0
3943	0 0
3944	0 0
3945	0 0
3946	0 0
3947	0 0
3948	0 0
3949	0 0
3950	0 0
3951	0 0
3952	0 0
3953	0 0
3954	0 0
3955	0 0
3956	0 0
3957	0 0
3958	0 0
3959	0 0
3960	0 0
3961	0 0
3962	0 0
3963	0 0
3964	0 0
3965	0 0
3966	0 0
3967	0 0
3968	0 0
3969	0 0
3970	0 0
3971	0 0
3972	0 0
3973	0 0
3974	0 0
3975	0 0
3976	0 0
3977	0 0
3978	0 0
3979	0 0
3980	0 0
3981	0 0
3982	0 0
3983	0 0
3984	0 0
3985	0 0
3986	0 0
3987	0 0
3988	0 0
3989	0 0
3990	0 0
3991	0 0
3992	0 0
3993	0 0
3994	0 0
3995	0 0
3996	0 0
3997	0 0
3998	0 0
3999	0 0
4000	0 0
4001	0 0
4002	0 0
4003	0 0
4004	0 0
4005	0 0
4006	0 0
4007	0 0
4008	0 0
4009	0 0
4010	0 0
4011	0 0
4012	0 0
4013	0 0
4014	0 0
4015	0 0
4016	0 0
4017	0 0
4018	0 0
4019	0 0
4020	0 0
4021	0 0
4022	0 0
4023	0 0
4024	0 0
4025	0 0
4026	0 0
4027	0 0
4028	0 0
4029	0 0
4030	0 0
4031	0 0
4032	0 0
4033	0 0
4034	0 0
4035	0 0
4036	0 0
4037	0 0
4038	0 0
4039	0 0
4040	0 0
4041	0 0
4042	0 0
4043	0 0
4044	0 0
4045	0 0
4046	0 0
4047	0 0
4048	0 0
4049	0 0
4050	0 0
4051	0 0
4052	0 0
4053	0 0
4054	0 0
4055	0 0
4056	0 0
4057	0 0
4058	0 0
4059	0 0
4060	0 0
4061	0 0
4062	0 0
4063	0 0
4064	0 0
4065	0 0
4066	0 0
4067	0 0
4068	0 0
4069	0 0
4070	0 0
4071	0 0
4072	0 0
4073	0 0
4074	0 0
4075	0 0
4076	0 0
4077	0 0
4078	0 0
4079	0 0
4080	0 0
4081	0 0
4082	0 0
4083	0 0
4084	0 0
4085	0 0
4086	0 0
4087	0 0
4088	0 0
4089	0 0
4090	0 0
4091	0 0
4092	0 0
4093	0 0
4094	0 0
4095	0 0
